336
0 80 1110
1 80 1110
2 80 1110
3 80 1110
4 80 1110
5 80 1110
6 80 1110
7 80 1110
8 80 1110
9 80 1110
10 80 1110
11 80 1110
12 80 1110
13 80 1110
14 80 1110
15 80 1110
16 80 1110
17 80 1110
18 80 1110
19 80 1110
20 80 1110
21 80 1110
22 100 1110
23 0 1110
24 80 1110
25 80 1110
26 80 1110
27 80 1110
28 80 1110
29 80 1110
30 80 1110
31 80 1110
32 80 1110
33 80 1110
34 80 1110
35 80 1110
36 80 1110
37 80 1110
38 80 1110
39 80 1110
40 80 1110
41 80 1110
42 80 1110
43 80 1110
44 80 1110
45 80 1110
46 80 1110
47 80 1110
48 80 1110
49 80 1110
50 80 1110
51 80 1110
52 80 1110
53 80 1110
54 80 1110
55 80 1110
56 80 1110
57 80 1110
58 80 1110
59 80 1110
60 80 1110
61 80 1110
62 80 1110
63 80 1110
64 80 1110
65 80 1110
66 80 1110
67 80 1110
68 80 1110
69 80 1110
70 80 1110
71 80 1110
72 80 1110
73 80 1110
74 80 1110
75 80 1110
76 80 1110
77 80 1110
78 80 1110
79 80 1110
80 80 1110
81 80 1110
82 80 1110
83 80 1110
84 80 1110
85 80 1110
86 80 1110
87 80 1110
88 80 1110
89 80 1110
90 80 1110
91 80 1110
92 80 1110
93 80 1110
94 80 1110
95 80 1110
96 80 1110
97 80 1110
98 80 1110
99 80 1110
100 80 1110
101 80 1110
102 80 1110
103 80 1110
104 80 1110
105 80 1110
106 80 1110
107 80 1110
108 80 1110
109 80 1110
110 80 1110
111 80 1110
112 80 1110
113 80 1110
114 80 1110
115 80 1110
116 80 1110
117 80 1110
118 80 1110
119 80 1110
120 80 1110
121 80 1110
122 80 1110
123 80 1110
124 80 1110
125 80 1110
126 80 1110
127 80 1110
128 80 1110
129 80 1110
130 80 1110
131 80 1110
132 80 1110
133 80 1110
134 80 1110
135 80 1110
136 80 1110
137 80 1110
138 80 1110
139 80 1110
140 80 1110
141 80 1110
142 80 1110
143 80 1110
144 80 1110
145 80 1110
146 80 1110
147 80 1110
148 80 1110
149 80 1110
150 80 1110
151 80 1110
152 80 1110
153 80 1110
154 80 1110
155 80 1110
156 80 1110
157 80 1110
158 80 1110
159 80 1110
160 80 1110
161 80 1110
162 80 1110
163 80 1110
164 80 1110
165 80 1110
166 80 1110
167 80 1110
168 80 1110
169 80 1110
170 80 1110
171 80 1110
172 80 1110
173 80 1110
174 80 1110
175 80 1110
176 80 1110
177 80 1110
178 80 1110
179 80 1110
180 80 1110
181 80 1110
182 80 1110
183 80 1110
184 80 1110
185 80 1110
186 80 1110
187 80 1110
188 80 1110
189 80 1110
190 80 1110
191 80 1110
192 80 1110
193 80 1110
194 80 1110
195 80 1110
196 80 1110
197 80 1110
198 80 1110
199 80 1110
200 80 1110
201 80 1110
202 80 1110
203 80 1110
204 80 1110
205 80 1110
206 80 1110
207 80 1110
208 80 1110
209 80 1110
210 80 1110
211 80 1110
212 80 1110
213 80 1110
214 80 1110
215 80 1110
216 80 1110
217 80 1110
218 80 1110
219 80 1110
220 80 1110
221 80 1110
222 80 1110
223 80 1110
224 80 1110
225 80 1110
226 80 1110
227 80 1110
228 80 1110
229 80 1110
230 80 1110
231 80 1110
232 80 1110
233 80 1110
234 80 1110
235 80 1110
236 80 1110
237 80 1110
238 80 1110
239 80 1110
240 80 1110
241 80 1110
242 80 1110
243 80 1110
244 80 1110
245 80 1110
246 80 1110
247 80 1110
248 80 1110
249 80 1110
250 80 1110
251 80 1110
252 80 1110
253 80 1110
254 80 1110
255 80 1110
256 80 1110
257 80 1110
258 80 1110
259 80 1110
260 80 1110
261 80 1110
262 80 1110
263 80 1110
264 80 1110
265 80 1110
266 80 1110
267 80 1110
268 80 1110
269 80 1110
270 80 1110
271 80 1110
272 80 1110
273 80 1110
274 80 1110
275 80 1110
276 80 1110
277 80 1110
278 80 1110
279 80 1110
280 80 1110
281 80 1110
282 80 1110
283 80 1110
284 80 1110
285 80 1110
286 80 1110
287 80 1110
288 80 1110
289 80 1110
290 80 1110
291 80 1110
292 80 1110
293 80 1110
294 80 1110
295 80 1110
296 80 1110
297 80 1110
298 80 1110
299 80 1110
300 80 1110
301 80 1110
302 80 1110
303 80 1110
304 80 1110
305 80 1110
306 80 1110
307 80 1110
308 80 1110
309 80 1110
310 80 1110
311 80 1110
312 80 1110
313 80 1110
314 80 1110
315 80 1110
316 80 1110
317 80 1110
318 80 1110
319 80 1110
320 80 1110
321 80 1110
322 80 1110
323 80 1110
324 80 1110
325 80 1110
326 80 1110
327 80 1110
328 80 1110
329 80 1110
330 80 1110
331 80 1110
332 80 1110
333 80 1110
334 80 1110
335 80 1110
