336
0 3000 45
1 3000 45
2 3000 45
3 3000 45
4 3000 45
5 3000 45
6 3000 45
7 3000 45
8 3000 45
9 3000 45
10 3000 45
11 3000 45
12 3000 45
13 3000 45
14 3000 45
15 3000 45
16 45 45
17 3000 45
18 3000 45
19 3000 45
20 3000 45
21 3000 45
22 3000 45
23 3000 45
24 3000 45
25 3000 45
26 3000 45
27 3000 45
28 3000 45
29 3000 45
30 3000 45
31 3000 45
32 3000 45
33 3000 45
34 3000 45
35 3000 45
36 3000 45
37 3000 45
38 3000 45
39 3000 45
40 3000 45
41 3000 45
42 3000 45
43 3000 45
44 3000 45
45 3000 45
46 3000 45
47 3000 45
48 3000 45
49 3000 45
50 3000 45
51 3000 45
52 3000 45
53 3000 45
54 3000 45
55 3000 45
56 3000 45
57 3000 45
58 3000 45
59 3000 45
60 3000 45
61 3000 45
62 3000 45
63 3000 45
64 3000 45
65 3000 45
66 3000 45
67 3000 45
68 3000 45
69 3000 45
70 3000 45
71 3000 45
72 3000 45
73 3000 45
74 3000 45
75 3000 45
76 3000 45
77 3000 45
78 3000 45
79 3000 45
80 3000 45
81 3000 45
82 3000 45
83 3000 45
84 3000 45
85 3000 45
86 3000 45
87 3000 45
88 3000 45
89 3000 45
90 3000 45
91 3000 45
92 3000 45
93 3000 45
94 3000 45
95 3000 45
96 3000 45
97 3000 45
98 3000 45
99 3000 45
100 3000 45
101 3000 45
102 3000 45
103 3000 45
104 3000 45
105 3000 45
106 3000 45
107 3000 45
108 3000 45
109 3000 45
110 3000 45
111 3000 45
112 3000 45
113 3000 45
114 3000 45
115 3000 45
116 3000 45
117 3000 45
118 3000 45
119 3000 45
120 3000 45
121 3000 45
122 3000 45
123 3000 45
124 3000 45
125 3000 45
126 3000 45
127 3000 45
128 3000 45
129 3000 45
130 3000 45
131 3000 45
132 3000 45
133 3000 45
134 3000 45
135 3000 45
136 3000 45
137 3000 45
138 3000 45
139 3000 45
140 3000 45
141 3000 45
142 3000 45
143 3000 45
144 3000 45
145 3000 45
146 3000 45
147 3000 45
148 3000 45
149 3000 45
150 3000 45
151 3000 45
152 3000 45
153 3000 45
154 3000 45
155 3000 45
156 3000 45
157 3000 45
158 3000 45
159 3000 45
160 3000 45
161 3000 45
162 3000 45
163 3000 45
164 3000 45
165 3000 45
166 3000 45
167 3000 45
168 3000 45
169 3000 45
170 3000 45
171 3000 45
172 3000 45
173 3000 45
174 3000 45
175 3000 45
176 3000 45
177 3000 45
178 3000 45
179 3000 45
180 3000 45
181 3000 45
182 3000 45
183 3000 45
184 3000 45
185 3000 45
186 3000 45
187 3000 45
188 3000 45
189 3000 45
190 3000 45
191 3000 45
192 3000 45
193 3000 45
194 3000 45
195 3000 45
196 3000 45
197 3000 45
198 3000 45
199 3000 45
200 3000 45
201 3000 45
202 3000 45
203 3000 45
204 3000 45
205 3000 45
206 3000 45
207 3000 45
208 3000 45
209 3000 45
210 3000 45
211 3000 45
212 3000 45
213 3000 45
214 3000 45
215 3000 45
216 3000 45
217 3000 45
218 3000 45
219 3000 45
220 3000 45
221 3000 45
222 3000 45
223 3000 45
224 3000 45
225 3000 45
226 3000 45
227 3000 45
228 3000 45
229 3000 45
230 3000 45
231 3000 45
232 3000 45
233 3000 45
234 3000 45
235 3000 45
236 3000 45
237 3000 45
238 3000 45
239 3000 45
240 3000 45
241 3000 45
242 3000 45
243 3000 45
244 3000 45
245 3000 45
246 3000 45
247 3000 45
248 3000 45
249 3000 45
250 3000 45
251 3000 45
252 3000 45
253 3000 45
254 3000 45
255 3000 45
256 3000 45
257 3000 45
258 3000 45
259 3000 45
260 3000 45
261 3000 45
262 3000 45
263 3000 45
264 3000 45
265 3000 45
266 3000 45
267 3000 45
268 3000 45
269 3000 45
270 3000 45
271 3000 45
272 3000 45
273 3000 45
274 3000 45
275 3000 45
276 3000 45
277 3000 45
278 3000 45
279 3000 45
280 3000 45
281 3000 45
282 3000 45
283 3000 45
284 3000 45
285 3000 45
286 3000 45
287 3000 45
288 3000 45
289 3000 45
290 3000 45
291 3000 45
292 3000 45
293 3000 45
294 3000 45
295 3000 45
296 3000 45
297 3000 45
298 3000 45
299 3000 45
300 3000 45
301 3000 45
302 3000 45
303 3000 45
304 3000 45
305 3000 45
306 3000 45
307 3000 45
308 3000 45
309 3000 45
310 3000 45
311 3000 45
312 3000 45
313 3000 45
314 3000 45
315 3000 45
316 3000 45
317 3000 45
318 3000 45
319 3000 45
320 3000 45
321 3000 45
322 3000 45
323 3000 45
324 3000 45
325 3000 45
326 3000 45
327 3000 45
328 3000 45
329 3000 45
330 3000 45
331 3000 45
332 3000 45
333 3000 45
334 3000 45
335 3000 45
