#                                  2C21 Current (nA):             IPM2C21A.VAL: 3.888096
#                                  2C24 Current (nA):             IPM2C24A.VAL: 3.952107
#                                  2H01 Current (nA):              IPM2H01.VAL: 0.000000
#                               2C21 X position (mm):            IPM2C21A.XPOS: -0.093981
#                               2C24 X position (mm):            IPM2C24A.XPOS: 0.213105
#                               2H01 X position (mm):             IPM2H01.XPOS: 0.000000
#                               2C21 Y position (mm):            IPM2C21A.YPOS: 0.042156
#                               2C24 Y position (mm):            IPM2C24A.YPOS: -0.657390
#                               2H01 Y position (mm):             IPM2H01.YPOS: 0.000000
#                              Tagger Current (Amps):              TMIRBCK.VAL: 1920.400024
#                           Faraday Cup Current (nA):         scaler_calc1.VAL: 0.000000
#                                  Beam Energy (MeV):        MBSY2C_energy.VAL: 5551.773438
#                    2C21 H corrector BDL (gauss-cm):             MBC2C21H.BDL: -118.991814
#                    2C21 V corrector BDL (gauss-cm):             MBC2C21V.BDL: 527.438477
#                    2C22 H corrector BDL (gauss-cm):             MBC2C22H.BDL: 311.614014
#                    2C23 V corrector BDL (gauss-cm):             MBC2C23V.BDL: 311.614014
#             post-target H corrector BDL (gauss-cm):             MDN2H01H.BDL: 0.000000
#             post-target V corrector BDL (gauss-cm):             MDN2H01V.BDL: 0.000000
#                             Hall B duty factor (%):       IGL1I00HALLBDF.VAL: 100.000000
#               Raster Status (1=running, 0=stopped):        raster_status_ttl: 0.000000
#                         OTR-1 status (0=out, 1=in):                     otr1: 0.000000
#                         OTR-2 status (0=out, 1=in):                     otr2: 0.000000
#                           faraday electronics gain:               fcup_slope: 9256.000000
#                               SLM electronics gain:                slm_slope: 6170.574219
#                         faraday electronics offset:              fcup_offset: 0.000000
#                             SLM electronics offset:               slm_offset: 0.000000
18.022570 700000 2 0 0 0 1 0 0 25 16 0 2230 2 1 0 0 -14191.000000 
18.055590 700000 0 0 0 0 0 0 0 25 16 0 2173 4 3 0 1 -14217.000000 
18.097500 700000 0 0 0 0 1 0 0 25 16 0 2201 0 3 1 0 -14250.000000 
18.130520 700000 1 0 0 0 1 0 0 25 16 0 2181 2 5 1 0 -14276.000000 
18.163540 700000 0 0 0 0 2 0 0 25 16 0 2156 4 1 0 0 -14302.000000 
18.205450 700000 1 0 0 0 2 0 0 25 16 0 2191 4 2 2 1 -14335.000000 
18.238470 700000 0 0 0 0 0 0 0 25 16 0 2154 0 1 0 0 -14361.000000 
18.272760 700000 1 0 0 0 3 0 0 25 16 0 2156 4 2 0 0 -14388.000000 
18.313400 700000 0 0 0 0 1 0 0 25 16 0 2188 2 1 0 0 -14420.000000 
18.347691 700000 0 0 0 0 1 0 0 25 16 0 2186 0 2 0 1 -14447.000000 
18.380711 700000 0 0 2 0 1 0 0 25 16 2 2165 6 4 0 0 -14473.000000 
18.422621 700000 0 0 1 0 1 0 0 25 16 1 2190 0 1 1 0 -14506.000000 
18.455641 700000 0 0 2 0 0 0 0 25 16 1 2183 10 3 0 0 -14532.000000 
18.488661 700000 0 0 1 0 3 0 0 25 16 0 2152 0 7 1 0 -14558.000000 
18.530571 700000 0 0 0 0 0 0 0 25 16 0 2197 6 3 0 0 -14591.000000 
18.563591 700000 0 0 0 0 1 0 0 25 16 0 2184 2 8 0 0 -14617.000000 
18.597879 700000 0 0 0 0 0 0 0 25 16 0 2151 2 5 0 1 -14644.000000 
18.639790 700000 0 0 0 0 0 0 0 25 16 0 2206 0 3 0 0 -14677.000000 
18.672810 700000 1 0 0 0 0 0 0 25 16 0 2199 6 2 0 0 -14703.000000 
18.705830 700000 0 0 0 0 0 0 0 25 16 0 2145 4 2 0 0 -14729.000000 
18.747740 700000 1 0 1 0 5 0 0 25 16 0 2177 8 3 0 1 -14762.000000 
18.780760 700000 0 0 0 0 1 0 0 25 16 0 2170 4 2 0 0 -14788.000000 
18.813780 700000 0 1 0 0 0 0 0 25 16 0 2155 2 4 0 0 -14814.000000 
18.855690 700000 0 0 0 0 0 0 0 25 16 0 2203 2 0 0 0 -14847.000000 
18.889980 700000 0 0 0 0 1 0 0 25 16 0 2182 2 3 0 1 -14874.000000 
18.923000 700000 0 0 0 0 0 0 0 25 16 0 2162 4 6 0 0 -14900.000000 
18.964911 700000 0 0 0 0 1 0 0 25 16 0 2193 6 2 0 0 -14933.000000 
18.997931 700000 0 0 0 0 1 0 0 25 16 0 2193 0 3 0 0 -14959.000000 
19.030951 700000 0 0 0 0 0 0 0 25 16 0 2164 4 0 0 1 -14985.000000 
19.072861 700000 0 0 1 0 0 0 0 25 16 0 2198 4 0 0 0 -15018.000000 
19.105881 700000 0 0 0 0 0 0 0 25 16 0 2207 2 0 0 0 -15044.000000 
19.140171 700000 0 0 0 0 3 0 0 25 16 0 2177 0 4 0 0 -15071.000000 
19.180811 700000 0 0 0 0 4 0 0 25 16 0 2207 4 1 0 0 -15103.000000 
19.215099 700000 0 0 0 0 0 0 0 25 16 0 2229 2 3 0 1 -15130.000000 
19.248119 700000 0 0 1 0 0 0 0 25 16 1 2228 8 0 1 0 -15156.000000 
19.290030 700000 0 0 0 0 1 0 0 25 16 0 2283 2 3 0 0 -15189.000000 
19.323050 700000 0 0 0 0 2 0 0 25 16 0 2208 0 1 0 0 -15215.000000 
19.356070 700000 0 0 0 0 1 0 0 25 16 0 2186 2 4 0 1 -15241.000000 
19.397980 700000 0 0 0 0 1 0 0 25 16 0 2246 4 3 0 0 -15274.000000 
19.431000 700000 0 0 0 0 0 0 0 25 16 0 2194 6 5 0 0 -15300.000000 
19.465290 700000 0 0 0 0 0 0 0 25 16 0 2185 4 3 0 0 -15327.000000 
19.507200 700000 0 0 0 0 2 0 0 25 16 0 2228 2 1 0 0 -15360.000000 
19.540220 700000 0 0 0 0 3 0 0 25 16 0 2231 2 2 0 0 -15386.000000 
19.573240 700000 0 0 0 0 2 0 0 25 16 0 2178 4 2 0 0 -15412.000000 
19.615150 700000 0 0 0 0 0 0 0 25 16 0 2225 0 4 1 0 -15445.000000 
19.648170 700000 0 0 0 0 1 0 0 25 16 0 2198 4 4 0 1 -15471.000000 
19.681190 700000 0 0 0 0 0 0 0 25 16 0 2174 2 2 0 0 -15497.000000 
19.723101 700000 0 0 0 0 2 0 0 25 16 0 2194 4 3 0 0 -15530.000000 
19.757391 700000 0 0 0 0 0 0 0 25 16 0 2194 4 1 0 0 -15557.000000 
19.790411 700000 1 0 0 0 0 0 0 25 16 0 2171 6 4 1 0 -15583.000000 
19.832319 700000 0 0 0 0 1 0 0 25 16 0 2234 2 3 0 1 -15616.000000 
19.865339 700000 0 0 0 0 3 0 0 25 16 0 2241 2 0 1 0 -15642.000000 
19.898359 700000 1 0 0 0 2 0 0 25 16 0 2198 2 0 0 0 -15668.000000 
19.940269 700000 0 0 1 0 1 0 0 25 16 0 2223 0 4 0 0 -15701.000000 
19.973289 700000 0 0 0 0 2 0 0 25 16 0 2211 6 0 0 1 -15727.000000 
20.007580 700000 0 0 0 0 1 0 0 25 16 0 2152 2 1 1 0 -15754.000000 
20.048220 700000 0 0 0 0 1 0 0 25 16 0 2199 2 2 1 0 -15786.000000 
20.082510 700000 0 0 0 0 2 0 0 25 16 0 2203 4 2 0 0 -15813.000000 
20.115530 700000 0 0 0 0 1 0 0 25 16 0 2172 0 6 0 0 -15839.000000 
20.157440 700000 0 0 0 0 0 0 0 25 16 0 2214 6 2 1 1 -15872.000000 
20.190460 700000 1 0 0 0 1 0 0 25 16 0 2194 2 4 0 0 -15898.000000 
20.223480 700000 1 0 0 0 1 0 0 25 16 0 2154 4 1 0 0 -15924.000000 
20.265390 700000 2 0 0 0 1 0 0 25 16 0 2189 4 1 0 0 -15957.000000 
20.298410 700000 0 0 0 0 0 0 0 25 16 0 2189 0 1 0 0 -15983.000000 
20.332701 700000 0 0 0 0 0 0 0 25 16 0 2159 2 4 0 1 -16010.000000 
20.374611 700000 0 0 0 0 0 0 0 25 16 0 2196 0 1 1 0 -16043.000000 
20.407631 700000 0 0 0 0 0 0 0 25 16 0 2199 4 3 0 0 -16069.000000 
20.440651 700000 0 0 0 0 2 0 0 25 16 0 2160 8 0 0 1 -16095.000000 
20.482559 700000 0 0 1 0 0 0 0 25 16 0 2184 2 2 0 0 -16128.000000 
20.515579 700000 0 0 0 0 0 0 0 25 16 0 2186 2 1 0 0 -16154.000000 
20.548599 700000 1 0 0 0 1 0 0 25 16 0 2204 4 7 0 0 -16180.000000 
20.590509 700000 0 0 0 0 0 0 0 25 16 0 2226 4 5 0 1 -16213.000000 
20.624800 700000 0 0 0 0 0 0 0 25 16 0 2177 4 3 0 0 -16240.000000 
20.657820 700000 0 0 0 0 0 0 0 25 16 0 2173 6 4 0 0 -16266.000000 
20.698460 700000 0 0 0 0 2 0 0 25 16 0 2197 2 0 0 1 -16298.000000 
20.732750 700000 0 0 0 0 4 0 0 25 16 0 2182 10 0 0 0 -16325.000000 
20.765770 700000 1 0 0 0 2 0 0 25 16 0 2173 2 1 0 0 -16351.000000 
20.807680 700000 2 0 0 0 1 0 0 25 16 0 2203 2 2 0 0 -16384.000000 
20.840700 700000 0 0 0 0 0 0 0 25 16 0 2186 8 4 0 1 -16410.000000 
20.874990 700000 0 0 0 0 0 0 0 25 16 0 2191 0 1 0 0 -16437.000000 
20.915630 700000 0 0 1 0 1 0 0 25 16 0 2204 2 1 0 0 -16469.000000 
20.948650 700000 0 0 0 0 0 0 0 25 16 0 2166 2 1 0 0 -16495.000000 
20.982941 700000 2 0 0 0 0 0 0 25 16 0 2158 8 1 0 1 -16522.000000 
21.024851 700000 0 0 0 0 3 0 0 25 16 0 2181 0 1 0 0 -16555.000000 
21.057871 700000 0 0 0 0 3 0 0 25 16 0 2185 2 3 0 0 -16581.000000 
21.090891 700000 0 0 0 0 2 0 0 25 16 0 2191 2 1 0 0 -16607.000000 
21.132801 700000 0 0 1 0 0 0 0 25 16 0 2218 4 5 0 1 -16640.000000 
21.165821 700000 0 0 0 0 1 0 0 25 16 0 2202 10 2 0 0 -16666.000000 
21.200109 700000 1 0 0 0 0 0 0 25 16 0 2190 2 1 0 0 -16693.000000 
21.240749 700000 1 1 0 0 0 0 0 25 16 0 2183 4 1 0 0 -16725.000000 
21.275040 700000 0 0 0 0 3 0 0 25 16 0 2195 2 2 1 1 -16752.000000 
21.308060 700000 0 0 0 0 1 0 0 25 16 0 2188 8 2 0 0 -16778.000000 
21.349970 700000 1 0 0 0 8 0 0 25 16 0 2188 4 7 0 0 -16811.000000 
21.382990 700000 1 0 1 0 0 0 0 25 16 0 2178 2 4 0 1 -16837.000000 
21.416010 700000 0 0 0 0 0 0 0 25 16 0 2178 2 2 0 0 -16863.000000 
21.457920 700000 0 0 1 0 0 0 0 25 16 1 2200 4 2 0 0 -16896.000000 
21.490940 700000 1 0 0 0 0 0 0 25 16 0 2191 6 2 0 0 -16922.000000 
21.525230 700000 0 0 0 0 0 0 0 25 16 0 2132 8 1 0 1 -16949.000000 
21.565870 700000 1 0 0 0 0 0 0 25 16 0 2197 4 2 0 0 -16981.000000 
21.600161 700000 0 0 0 0 1 0 0 25 16 0 2203 0 3 0 0 -17008.000000 
21.633181 700000 0 0 0 0 1 0 0 25 16 0 2178 2 4 0 1 -17034.000000 
21.675091 700000 0 0 0 0 1 0 0 25 16 0 2190 0 6 0 0 -17067.000000 
21.708111 700000 1 0 0 0 1 0 0 25 16 0 2187 6 2 0 0 -17093.000000 
21.741131 700000 0 0 1 0 1 0 0 25 16 0 2157 4 7 0 0 -17119.000000 
21.783041 700000 0 0 0 0 1 0 0 25 16 0 2203 0 4 0 1 -17152.000000 
21.816061 700000 1 0 0 0 1 0 0 25 16 0 2190 4 1 0 0 -17178.000000 
21.850349 700000 0 0 0 0 1 0 0 25 16 0 2203 2 2 0 0 -17205.000000 
21.892260 700000 0 0 0 0 1 0 0 25 16 0 2209 8 0 0 0 -17238.000000 
21.925280 700000 0 1 0 0 2 0 0 25 16 0 2184 2 4 0 1 -17264.000000 
21.958300 700000 1 0 1 0 1 0 0 25 16 1 2163 8 4 0 0 -17290.000000 
22.000210 700000 0 0 0 0 0 0 0 25 16 0 2199 2 1 0 0 -17323.000000 
22.033230 700000 1 0 0 0 0 0 0 25 16 0 2168 0 5 0 0 -17349.000000 
22.066250 700000 0 0 0 0 3 0 0 25 16 0 2174 2 3 0 1 -17375.000000 
22.108160 700000 0 0 0 0 1 0 0 25 16 0 2195 4 2 0 0 -17408.000000 
22.142450 700000 0 0 0 0 2 0 0 25 16 0 2175 0 3 0 0 -17435.000000 
22.175470 700000 0 0 1 0 1 0 0 25 16 0 2158 2 2 0 1 -17461.000000 
22.217381 700000 0 0 0 0 2 0 0 25 16 0 2173 0 2 0 0 -17494.000000 
22.250401 700000 1 0 0 0 1 0 0 25 16 0 2197 2 1 0 0 -17520.000000 
22.283421 700000 1 0 0 0 0 0 0 25 16 0 2160 12 1 1 0 -17546.000000 
22.325331 700000 0 0 0 0 0 0 0 25 16 0 2178 0 0 0 1 -17579.000000 
22.358351 700000 0 0 0 0 1 0 0 25 16 0 2187 2 2 0 0 -17605.000000 
22.392641 700000 0 0 0 0 2 0 0 25 16 0 2164 4 2 0 0 -17632.000000 
22.433281 700000 0 0 0 0 5 0 0 25 16 0 2220 4 1 0 1 -17664.000000 
22.467569 700000 0 0 0 0 2 0 0 25 16 0 2201 2 3 0 0 -17691.000000 
22.500589 700000 0 0 0 0 0 0 0 25 16 0 2170 4 1 0 0 -17717.000000 
22.542500 700000 0 0 0 0 6 0 0 25 16 0 2211 6 2 0 0 -17750.000000 
22.575520 700000 2 0 0 0 1 0 0 25 16 0 2197 2 0 0 1 -17776.000000 
22.608540 700000 0 0 0 0 1 0 0 25 16 0 2166 0 2 0 0 -17802.000000 
22.650450 700000 0 0 0 0 0 0 0 25 16 0 2186 4 1 1 0 -17835.000000 
22.683470 700000 0 0 1 0 3 0 0 25 16 1 2171 6 2 0 0 -17861.000000 
22.717760 700000 0 0 0 0 2 0 0 25 16 0 2166 2 1 0 1 -17888.000000 
22.759670 700000 1 0 0 0 1 0 0 25 16 0 2205 2 1 0 0 -17921.000000 
22.792690 700000 0 0 0 0 0 0 0 25 16 0 2203 6 1 0 0 -17947.000000 
22.825710 700000 0 0 0 0 0 0 0 25 16 0 2171 4 3 0 0 -17973.000000 
22.867620 700000 0 0 2 0 1 0 0 25 16 0 2194 6 4 0 1 -18006.000000 
22.900640 700000 0 0 0 0 2 0 0 25 16 0 2181 0 5 0 0 -18032.000000 
22.933661 700000 0 0 0 0 0 0 0 25 16 0 2187 0 2 0 0 -18058.000000 
22.975571 700000 0 0 0 0 0 0 0 25 16 0 2191 2 1 0 1 -18091.000000 
23.009861 700000 0 0 2 0 1 0 0 25 16 2 2185 6 2 0 0 -18118.000000 
23.042881 700000 0 0 1 0 0 0 0 25 16 0 2172 4 0 0 0 -18144.000000 
23.084789 700000 0 0 1 0 0 0 0 25 16 0 2200 8 3 0 0 -18177.000000 
23.117809 700000 0 0 0 0 0 0 0 25 16 0 2199 0 2 1 1 -18203.000000 
23.150829 700000 0 0 0 0 1 0 0 25 16 0 2193 0 1 0 0 -18229.000000 
23.192739 700000 0 0 1 0 1 0 0 25 16 1 2206 4 1 0 0 -18262.000000 
23.225760 700000 0 0 0 0 1 0 0 25 16 0 2184 0 4 0 1 -18288.000000 
23.260050 700000 1 0 0 0 1 0 0 25 16 0 2182 4 3 1 0 -18315.000000 
23.300690 700000 0 0 0 0 4 0 0 25 16 0 2175 8 3 0 0 -18347.000000 
23.334980 700000 0 0 0 0 5 0 0 25 16 0 2178 4 3 0 0 -18374.000000 
23.368000 700000 0 0 0 0 0 0 0 25 16 0 2159 4 1 0 1 -18400.000000 
23.409910 700000 1 0 0 0 1 0 0 25 16 0 2191 2 2 0 0 -18433.000000 
23.442930 700000 0 0 0 0 1 0 0 25 16 0 2169 4 4 0 0 -18459.000000 
23.475950 700000 1 0 0 0 2 0 0 25 16 0 2169 4 6 0 1 -18485.000000 
23.517860 700000 0 0 0 0 1 0 0 25 16 0 2198 0 1 0 0 -18518.000000 
23.550880 700000 2 0 0 0 3 0 0 25 16 0 2197 2 0 0 0 -18544.000000 
23.585171 700000 0 0 2 0 1 0 0 25 16 1 2186 4 0 0 1 -18571.000000 
23.627081 700000 0 0 0 0 1 0 0 25 16 0 2203 2 3 0 0 -18604.000000 
23.660101 700000 0 0 0 0 0 0 0 25 16 0 2188 4 0 1 0 -18630.000000 
23.693121 700000 1 0 0 0 2 0 0 25 16 0 2163 4 3 0 1 -18656.000000 
23.735029 700000 0 0 0 0 0 0 0 25 16 0 2212 2 0 0 0 -18689.000000 
23.768049 700000 0 0 0 0 0 0 0 25 16 0 2218 0 2 0 0 -18715.000000 
23.801069 700000 0 0 0 0 0 0 0 25 16 0 2195 6 1 0 1 -18741.000000 
23.842979 700000 1 0 0 0 2 0 0 25 16 0 2229 2 2 0 0 -18774.000000 
23.877270 700000 0 0 1 0 1 0 0 25 16 1 2201 2 0 1 0 -18801.000000 
23.910290 700000 0 0 0 0 1 0 0 25 16 0 2175 8 2 1 1 -18827.000000 
23.952200 700000 1 0 0 0 0 0 0 25 16 0 2193 0 2 0 0 -18860.000000 
23.985220 700000 0 0 0 0 0 0 0 25 16 0 2165 4 2 0 0 -18886.000000 
24.018240 700000 0 0 0 0 2 0 0 25 16 0 2174 4 1 0 1 -18912.000000 
24.060150 700000 0 0 0 0 0 0 0 25 16 0 2184 10 1 0 0 -18945.000000 
24.093170 700000 2 0 0 0 0 0 0 25 16 0 2187 4 3 0 0 -18971.000000 
24.127460 700000 0 0 0 0 0 0 0 25 16 0 2145 4 2 0 1 -18998.000000 
24.168100 700000 1 0 1 0 1 0 0 25 16 0 2179 0 4 0 0 -19030.000000 
24.202391 700000 0 0 0 0 0 0 0 25 16 0 2166 6 2 1 0 -19057.000000 
24.235411 700000 0 0 1 0 3 0 0 25 16 0 2177 4 2 0 1 -19083.000000 
24.277321 700000 0 0 0 0 0 0 0 25 16 0 2166 2 2 0 0 -19116.000000 
24.310341 700000 1 0 0 0 2 0 0 25 16 0 2169 6 1 0 0 -19142.000000 
24.343361 700000 1 0 0 0 0 0 0 25 16 0 2163 6 1 0 0 -19168.000000 
24.385271 700000 0 0 0 0 1 0 0 25 16 0 2210 2 3 1 1 -19201.000000 
24.418291 700000 1 0 0 0 1 0 0 25 16 0 2198 2 2 0 0 -19227.000000 
24.452579 700000 0 0 0 0 0 0 0 25 16 0 2189 4 2 0 0 -19254.000000 
24.493219 700000 3 0 0 0 0 0 0 25 16 0 2234 6 7 0 1 -19286.000000 
24.527510 700000 0 0 0 0 0 0 0 25 16 0 2210 8 2 0 0 -19313.000000 
24.560530 700000 0 0 0 0 0 0 0 25 16 0 2186 6 0 0 0 -19339.000000 
24.602440 700000 1 0 0 0 1 0 0 25 16 0 2192 2 2 0 0 -19372.000000 
24.635460 700000 0 0 0 0 1 0 0 25 16 0 2180 6 2 0 1 -19398.000000 
24.668480 700000 0 0 0 0 0 0 0 25 16 0 2176 0 3 0 0 -19424.000000 
24.710390 700000 0 0 0 0 2 0 0 25 16 0 2169 4 3 0 0 -19457.000000 
24.743410 700000 0 0 0 0 0 0 0 25 16 0 2173 0 3 0 1 -19483.000000 
24.777700 700000 0 0 1 0 1 0 0 25 16 0 2186 6 1 0 0 -19510.000000 
24.819611 700000 0 0 0 0 2 0 0 25 16 0 2188 0 2 1 0 -19543.000000 
24.852631 700000 0 0 0 0 3 0 0 25 16 0 2199 2 3 0 1 -19569.000000 
24.885651 700000 0 0 0 0 1 0 0 25 16 0 2193 4 2 0 0 -19595.000000 
24.927561 700000 0 0 0 0 1 0 0 25 16 0 2175 2 2 0 0 -19628.000000 
24.960581 700000 0 0 0 0 0 0 0 25 16 0 2177 4 3 0 0 -19654.000000 
24.993601 700000 1 0 0 0 2 0 0 25 16 0 2156 4 3 0 1 -19680.000000 
25.035511 700000 0 0 0 0 4 0 0 25 16 0 2199 2 2 1 0 -19713.000000 
25.069799 700000 0 0 0 0 4 0 0 25 16 0 2200 4 4 0 0 -19740.000000 
25.102819 700000 0 0 0 0 0 0 0 25 16 0 2183 2 3 0 0 -19766.000000 
25.144730 700000 0 0 0 0 1 0 0 25 16 0 2220 10 2 0 1 -19799.000000 
25.177750 700000 0 0 1 0 2 0 0 25 16 0 2202 6 8 0 0 -19825.000000 
25.210770 700000 0 0 0 0 3 0 0 25 16 0 2176 0 3 0 0 -19851.000000 
25.252680 700000 0 0 0 0 1 0 0 25 16 0 2177 2 0 0 1 -19884.000000 
25.285700 700000 1 0 0 0 0 0 0 25 16 0 2171 0 1 0 0 -19910.000000 
25.319990 700000 1 0 0 0 3 0 0 25 16 0 2201 6 2 1 0 -19937.000000 
25.360630 700000 1 0 0 0 0 0 0 25 16 0 2186 6 2 0 1 -19969.000000 
25.394920 700000 0 0 0 0 0 0 0 25 16 0 2185 2 2 1 0 -19996.000000 
25.427940 700000 0 0 0 0 0 0 0 25 16 0 2178 4 4 0 0 -20022.000000 
25.469851 700000 1 0 0 0 2 0 0 25 16 0 2208 0 2 0 1 -20055.000000 
25.502871 700000 0 0 1 0 0 0 0 25 16 0 2176 6 2 0 0 -20081.000000 
25.535891 700000 0 0 0 0 2 0 0 25 16 0 2173 2 5 0 0 -20107.000000 
25.577801 700000 0 0 0 0 0 0 0 25 16 0 2207 6 4 0 0 -20140.000000 
25.610821 700000 1 0 0 0 1 0 0 25 16 0 2195 2 0 0 1 -20166.000000 
25.645111 700000 1 0 0 0 1 0 0 25 16 0 2161 0 2 0 0 -20193.000000 
25.687019 700000 0 0 0 0 1 0 0 25 16 0 2228 4 1 0 0 -20226.000000 
25.720039 700000 0 0 0 0 1 0 0 25 16 0 2225 8 1 1 1 -20252.000000 
25.753059 700000 0 0 0 0 0 0 0 25 16 0 2231 6 3 0 0 -20278.000000 
25.794970 700000 1 1 0 0 4 0 0 25 16 0 2282 8 5 0 1 -20311.000000 
25.827990 700000 0 0 0 0 1 0 0 25 16 0 2241 2 5 0 0 -20337.000000 
25.861010 700000 0 0 0 0 1 0 0 25 16 0 2215 0 7 0 0 -20363.000000 
25.902920 700000 0 0 0 0 0 0 0 25 16 0 2267 16 17 1 1 -20396.000000 
25.937210 700000 2 1 0 0 0 0 0 25 16 0 2217 10 16 2 0 -20423.000000 
25.970230 700000 0 0 0 0 4 0 0 25 16 0 2200 10 21 0 0 -20449.000000 
26.012140 700000 0 0 1 0 1 0 0 25 16 1 2256 14 20 0 0 -20482.000000 
26.045160 700000 0 0 1 0 1 0 0 25 16 0 2213 28 68 0 1 -20508.000000 
26.078180 700000 0 0 1 0 0 0 0 25 16 1 2185 26 73 1 0 -20534.000000 
26.120090 700000 0 0 0 0 0 0 0 25 16 0 2250 54 193 5 0 -20567.000000 
26.153111 700000 0 0 0 0 2 0 0 25 16 0 2228 94 289 8 1 -20593.000000 
26.187401 700000 0 0 0 0 4 0 0 25 16 0 2179 106 330 7 0 -20620.000000 
26.228041 700000 0 0 0 0 1 0 0 25 16 0 2233 244 946 17 0 -20652.000000 
26.262331 700000 0 0 0 0 1 0 0 25 16 0 2229 208 649 17 1 -20679.000000 
26.295351 700000 0 0 1 0 3 0 0 25 16 1 2181 328 1119 31 0 -20705.000000 
26.337259 700000 1 0 0 0 2 0 0 25 16 0 2245 568 1592 42 0 -20738.000000 
26.370279 700000 1 0 0 0 7 0 0 25 16 0 2227 770 2690 78 1 -20764.000000 
26.403299 700000 2 0 0 0 7 0 0 25 16 0 2196 816 2592 81 0 -20790.000000 
26.445210 700000 0 0 0 0 7 0 0 25 16 0 2225 1282 3864 121 0 -20823.000000 
26.478230 700000 1 0 0 0 9 0 0 25 16 0 2207 1547 4702 121 1 -20849.000000 
26.512520 700000 3 0 2 0 10 0 0 25 16 1 2186 1850 5822 159 0 -20876.000000 
26.553160 700000 2 0 0 0 13 0 0 25 16 0 2183 2081 6822 223 0 -20908.000000 
26.587450 700000 1 0 0 0 13 0 0 25 16 0 2191 1946 6712 177 1 -20935.000000 
26.620470 700000 5 0 1 0 12 0 0 25 16 0 2185 2512 8430 238 0 -20961.000000 
26.662380 700000 0 1 0 0 18 0 0 25 16 0 2192 2694 8657 218 0 -20994.000000 
26.695400 700000 1 0 2 0 18 0 0 25 16 0 2188 2681 9171 249 1 -21020.000000 
26.728420 700000 4 1 1 0 20 0 0 25 16 0 2165 2641 9111 283 0 -21046.000000 
26.770330 700000 3 0 0 0 13 0 0 25 16 0 2229 2508 8579 223 0 -21079.000000 
26.803350 700000 3 0 2 0 20 0 0 25 16 0 2207 2489 8152 230 1 -21105.000000 
26.837641 700000 3 0 1 0 17 0 0 25 16 1 2181 2371 8112 214 0 -21132.000000 
26.879551 700000 2 0 0 0 18 0 0 25 16 0 2222 2303 7651 215 0 -21165.000000 
26.912571 700000 4 1 0 0 14 0 0 25 16 0 2191 2351 7873 196 1 -21191.000000 
26.945591 700000 1 0 0 0 9 0 0 25 16 0 2188 1698 5390 142 0 -21217.000000 
26.987499 700000 1 0 0 0 10 0 0 25 16 0 2251 1564 5291 139 0 -21250.000000 
27.020519 700000 1 0 0 0 8 0 0 25 16 0 2231 792 2803 68 1 -21276.000000 
27.054810 700000 2 0 0 0 7 0 0 25 16 0 2218 1205 4181 115 0 -21303.000000 
27.095449 700000 1 0 0 0 3 0 0 25 16 0 2271 564 1914 56 0 -21335.000000 
27.129740 700000 0 0 0 0 8 0 0 25 16 0 2239 655 2349 64 1 -21362.000000 
27.162760 700000 2 0 0 0 3 0 0 25 16 0 2183 448 1410 37 0 -21388.000000 
27.204670 700000 1 0 0 0 2 0 0 25 16 0 2198 366 1168 38 0 -21421.000000 
27.237690 700000 2 0 0 0 2 0 0 25 16 0 2206 238 803 23 0 -21447.000000 
27.270710 700000 0 0 1 0 1 0 0 25 16 1 2184 142 565 15 1 -21473.000000 
27.312620 700000 0 0 0 0 0 0 0 25 16 0 2211 138 464 13 0 -21506.000000 
27.345640 700000 0 0 0 0 2 0 0 25 16 0 2211 84 198 7 0 -21532.000000 
27.379930 700000 1 1 0 0 0 0 0 25 16 0 2186 72 388 14 1 -21559.000000 
27.420570 700000 2 0 0 0 1 0 0 25 16 0 2205 24 139 3 0 -21591.000000 
27.454861 700000 0 0 0 0 1 0 0 25 16 0 2192 54 158 6 0 -21618.000000 
27.487881 700000 0 0 0 0 2 0 0 25 16 0 2166 22 62 0 1 -21644.000000 
27.529791 700000 0 0 0 0 0 0 0 25 16 0 2210 16 79 6 0 -21677.000000 
27.562811 700000 1 0 0 0 1 0 0 25 16 0 2197 14 50 2 0 -21703.000000 
27.595831 700000 0 0 0 0 0 0 0 25 16 0 2197 22 54 1 1 -21729.000000 
27.637741 700000 0 0 0 0 1 0 0 25 16 0 2215 8 33 3 0 -21762.000000 
27.670761 700000 0 0 0 0 2 0 0 25 16 0 2241 8 17 0 0 -21788.000000 
27.705050 700000 1 0 0 0 2 0 0 25 16 0 2196 4 10 0 1 -21815.000000 
27.745689 700000 1 0 0 0 1 0 0 25 16 0 2224 4 15 2 0 -21847.000000 
27.779980 700000 0 0 0 0 1 0 0 25 16 0 2212 2 14 0 0 -21874.000000 
27.813000 700000 0 0 0 0 1 0 0 25 16 0 2165 4 7 1 0 -21900.000000 
27.854910 700000 0 1 0 0 1 0 0 25 16 0 2191 4 4 1 1 -21933.000000 
27.887930 700000 0 0 0 0 1 0 0 25 16 0 2180 6 4 0 0 -21959.000000 
27.920950 700000 1 0 0 0 1 0 0 25 16 0 2184 2 3 0 0 -21985.000000 
27.962860 700000 0 0 0 0 0 0 0 25 16 0 2212 2 7 1 1 -22018.000000 
27.995880 700000 0 0 0 0 1 0 0 25 16 0 2206 0 3 0 0 -22044.000000 
28.030170 700000 1 0 0 0 3 0 0 25 16 0 2165 4 6 0 0 -22071.000000 
28.072081 700000 1 0 0 0 0 0 0 25 16 0 2224 4 1 0 1 -22104.000000 
28.105101 700000 1 0 0 0 1 0 0 25 16 0 2197 2 2 0 0 -22130.000000 
28.138121 700000 0 0 0 0 0 0 0 25 16 0 2153 2 3 0 0 -22156.000000 
28.180031 700000 0 0 0 0 0 0 0 25 16 0 2188 4 4 0 1 -22189.000000 
28.213051 700000 0 0 1 0 0 0 0 25 16 0 2190 6 4 1 0 -22215.000000 
28.246071 700000 1 0 0 0 1 0 0 25 16 0 2176 8 3 0 0 -22241.000000 
28.287981 700000 0 0 0 0 0 0 0 25 16 0 2194 4 3 1 1 -22274.000000 
28.322269 700000 2 0 0 0 1 0 0 25 16 0 2210 2 4 0 0 -22301.000000 
28.355289 700000 0 0 0 0 1 0 0 25 16 0 2190 4 2 0 0 -22327.000000 
28.397200 700000 0 0 0 0 0 0 0 25 16 0 2232 0 1 0 1 -22360.000000 
28.430220 700000 0 0 0 0 0 0 0 25 16 0 2194 4 3 0 0 -22386.000000 
28.463240 700000 0 0 0 0 4 0 0 25 16 0 2186 6 1 1 0 -22412.000000 
28.505150 700000 0 0 0 0 0 0 0 25 16 0 2232 2 3 1 1 -22445.000000 
28.538170 700000 0 0 0 0 2 0 0 25 16 0 2211 4 1 0 0 -22471.000000 
28.572460 700000 0 0 0 0 1 0 0 25 16 0 2169 2 2 0 0 -22498.000000 
28.613100 700000 0 0 1 0 0 0 0 25 16 0 2210 6 1 0 1 -22530.000000 
28.647390 700000 0 0 0 0 0 0 0 25 16 0 2179 0 2 0 0 -22557.000000 
28.680410 700000 0 1 0 0 2 0 0 25 16 0 2161 8 2 0 0 -22583.000000 
28.722321 700000 0 0 0 0 2 0 0 25 16 0 2191 2 3 0 1 -22616.000000 
28.755341 700000 0 0 0 0 1 0 0 25 16 0 2190 2 2 0 0 -22642.000000 
28.788361 700000 1 0 0 0 1 0 0 25 16 0 2168 4 2 0 0 -22668.000000 
28.830271 700000 0 0 0 0 0 0 0 25 16 0 2205 4 2 0 1 -22701.000000 
28.863291 700000 0 0 0 0 0 0 0 25 16 0 2202 0 2 0 0 -22727.000000 
28.897581 700000 1 0 0 0 2 0 0 25 16 0 2188 4 1 0 1 -22754.000000 
28.939489 700000 0 0 0 0 0 0 0 25 16 0 2202 4 4 1 0 -22787.000000 
28.972509 700000 0 0 0 0 2 0 0 25 16 0 2200 4 4 0 0 -22813.000000 
29.005529 700000 0 0 0 0 0 0 0 25 16 0 2184 4 5 0 0 -22839.000000 
29.047440 700000 0 0 1 0 0 0 0 25 16 0 2228 4 5 0 1 -22872.000000 
29.080460 700000 0 0 0 0 1 0 0 25 16 0 2213 0 6 0 0 -22898.000000 
29.113480 700000 0 0 0 0 1 0 0 25 16 0 2165 2 3 0 0 -22924.000000 
29.155390 700000 1 0 0 0 0 0 0 25 16 0 2207 0 2 0 1 -22957.000000 
29.189680 700000 1 0 0 0 2 0 0 25 16 0 2189 4 1 1 0 -22984.000000 
29.222700 700000 0 0 1 0 1 0 0 25 16 1 2174 6 4 0 1 -23010.000000 
29.264610 700000 1 0 0 0 0 0 0 25 16 0 2191 12 3 0 0 -23043.000000 
29.297630 700000 0 0 0 0 1 0 0 25 16 0 2212 4 3 0 0 -23069.000000 
29.330650 700000 1 0 0 0 0 0 0 25 16 0 2208 4 4 0 1 -23095.000000 
29.372561 700000 1 0 1 0 0 0 0 25 16 0 2214 0 1 0 0 -23128.000000 
29.405581 700000 0 0 0 0 0 0 0 25 16 0 2175 4 3 0 0 -23154.000000 
29.439871 700000 0 0 0 0 0 0 0 25 16 0 2195 0 7 0 1 -23181.000000 
29.480511 700000 0 0 0 0 0 0 0 25 16 0 2211 4 3 1 0 -23213.000000 
29.514801 700000 1 0 0 0 0 0 0 25 16 0 2212 2 3 0 0 -23240.000000 
29.547821 700000 0 0 3 0 0 0 0 25 16 1 2200 0 2 0 0 -23266.000000 
29.589729 700000 0 0 0 0 0 0 0 25 16 0 2213 2 1 0 0 -23299.000000 
29.622749 700000 0 0 0 0 0 0 0 25 16 0 2216 6 3 1 0 -23325.000000 
29.655769 700000 0 0 0 0 3 0 0 25 16 0 2201 2 1 0 0 -23351.000000 
29.697680 700000 1 0 0 0 2 0 0 25 16 0 2248 0 2 0 0 -23384.000000 
29.730700 700000 0 0 0 0 0 0 0 25 16 0 2204 0 2 0 0 -23410.000000 
29.764990 700000 1 0 0 0 0 0 0 25 16 0 2183 2 3 0 1 -23437.000000 
29.806900 700000 0 0 1 0 0 0 0 25 16 0 2190 4 3 1 0 -23470.000000 
29.839920 700000 0 0 0 0 2 0 0 25 16 0 2183 4 2 0 0 -23496.000000 
29.872940 700000 1 0 0 0 3 0 0 25 16 0 2176 4 1 1 1 -23522.000000 
29.914850 700000 0 0 0 0 0 0 0 25 16 0 2203 6 6 0 0 -23555.000000 
29.947870 700000 1 0 0 0 3 0 0 25 16 0 2171 10 7 0 0 -23581.000000 
29.980890 700000 0 0 0 0 2 0 0 25 16 0 2155 8 3 0 1 -23607.000000 
30.022800 700000 0 1 0 0 2 0 0 25 16 0 2233 0 1 0 0 -23640.000000 
30.057091 700000 0 0 0 0 0 0 0 25 16 0 2187 6 2 0 0 -23667.000000 
30.090111 700000 0 0 0 0 0 0 0 25 16 0 2200 4 1 0 0 -23693.000000 
30.132021 700000 0 0 0 0 2 0 0 25 16 0 2228 2 3 0 0 -23726.000000 
30.165041 700000 0 0 0 0 2 0 0 25 16 0 2189 4 4 0 1 -23752.000000 
30.198061 700000 0 0 1 0 0 0 0 25 16 1 2187 2 2 0 0 -23778.000000 
30.239969 700000 0 0 0 0 3 0 0 25 16 0 2223 8 2 0 0 -23811.000000 
30.272989 700000 0 0 0 0 0 0 0 25 16 0 2216 0 2 1 1 -23837.000000 
30.307280 700000 0 0 0 0 2 0 0 25 16 0 2209 4 2 0 0 -23864.000000 
30.347919 700000 0 0 0 0 0 0 0 25 16 0 2225 2 1 0 0 -23896.000000 
30.382210 700000 0 0 1 0 0 0 0 25 16 1 2215 6 0 0 1 -23923.000000 
30.415230 700000 1 0 0 0 0 0 0 25 16 0 2187 6 1 0 0 -23949.000000 
30.457140 700000 0 0 0 0 2 0 0 25 16 0 2206 4 2 2 0 -23982.000000 
30.490160 700000 0 0 0 0 1 0 0 25 16 0 2195 2 3 0 1 -24008.000000 
30.523180 700000 0 0 0 0 2 0 0 25 16 0 2177 0 4 0 0 -24034.000000 
30.565090 700000 0 0 0 0 1 0 0 25 16 0 2197 2 1 0 1 -24067.000000 
30.598110 700000 1 0 2 0 0 0 0 25 16 1 2182 2 1 1 0 -24093.000000 
30.632401 700000 1 0 0 0 3 0 0 25 16 0 2188 6 1 0 0 -24120.000000 
30.674311 700000 0 0 0 0 2 0 0 25 16 0 2216 2 1 0 1 -24153.000000 
30.707331 700000 0 0 0 0 2 0 0 25 16 0 2214 2 0 0 0 -24179.000000 
30.740351 700000 0 0 1 0 0 0 0 25 16 0 2198 8 7 0 0 -24205.000000 
30.782261 700000 0 0 0 0 2 0 0 25 16 0 2224 6 2 0 0 -24238.000000 
30.815281 700000 0 0 0 0 0 0 0 25 16 0 2197 4 0 0 0 -24264.000000 
30.848301 700000 0 0 0 0 0 0 0 25 16 0 2212 4 2 0 1 -24290.000000 
30.890211 700000 0 0 0 0 2 0 0 25 16 0 2227 4 5 1 0 -24323.000000 
30.924500 700000 1 0 0 0 2 0 0 25 16 0 2203 2 1 0 0 -24350.000000 
30.957520 700000 0 0 0 0 1 0 0 25 16 0 2212 2 0 0 0 -24376.000000 
30.998159 700000 0 0 0 0 1 0 0 25 16 0 2265 4 4 0 0 -24408.000000 
31.032450 700000 0 0 0 0 0 0 0 25 16 0 2248 0 1 0 0 -24435.000000 
31.065470 700000 0 0 0 0 0 0 0 25 16 0 2183 0 2 0 1 -24461.000000 
31.107380 700000 1 0 0 0 0 0 0 25 16 0 2215 4 2 0 0 -24494.000000 
31.140400 700000 0 0 1 0 1 0 0 25 16 1 2199 2 0 0 0 -24520.000000 
31.174690 700000 0 0 0 0 1 0 0 25 16 0 2213 4 1 0 0 -24547.000000 
31.215330 700000 0 0 0 0 0 0 0 25 16 0 2199 2 1 0 0 -24579.000000 
31.248350 700000 0 0 0 0 0 0 0 25 16 0 2176 2 2 0 0 -24605.000000 
31.282640 700000 1 0 0 0 0 0 0 25 16 0 2174 4 3 0 1 -24632.000000 
31.324551 700000 1 0 0 0 1 0 0 25 16 0 2201 6 3 0 0 -24665.000000 
31.357571 700000 0 0 0 0 2 0 0 25 16 0 2185 2 4 0 0 -24691.000000 
31.390591 700000 0 0 0 0 2 0 0 25 16 0 2181 0 2 0 0 -24717.000000 
31.432501 700000 0 0 0 0 0 0 0 25 16 0 2239 4 2 0 1 -24750.000000 
31.465521 700000 1 0 0 0 0 0 0 25 16 0 2191 2 0 1 0 -24776.000000 
31.498541 700000 1 0 0 0 1 0 0 25 16 0 2195 8 1 0 0 -24802.000000 
31.541719 700000 0 0 0 0 0 0 0 25 16 0 2210 6 1 0 0 -24836.000000 
31.574739 700000 0 0 0 0 1 0 0 25 16 0 2218 2 2 0 0 -24862.000000 
31.607759 700000 1 0 0 0 0 0 0 25 16 0 2226 2 3 0 1 -24888.000000 
31.649670 700000 1 0 0 0 2 0 0 25 16 0 2202 2 3 0 0 -24921.000000 
31.682690 700000 0 0 0 0 0 0 0 25 16 0 2211 2 0 0 0 -24947.000000 
31.715710 700000 0 0 0 0 1 0 0 25 16 0 2183 0 3 0 1 -24973.000000 
31.757620 700000 0 0 0 0 1 0 0 25 16 0 2203 2 2 0 0 -25006.000000 
31.791910 700000 0 0 0 0 3 0 0 25 16 0 2189 0 5 0 0 -25033.000000 
31.824930 700000 0 0 0 0 0 0 0 25 16 0 2201 6 4 1 0 -25059.000000 
31.865570 700000 0 0 0 0 0 0 0 25 16 0 2218 10 3 0 0 -25091.000000 
31.899860 700000 0 0 0 0 1 0 0 25 16 0 2192 4 2 0 1 -25118.000000 
31.932880 700000 0 0 1 0 1 0 0 25 16 1 2205 2 3 0 0 -25144.000000 
31.974791 700000 0 0 0 0 1 0 0 25 16 0 2226 2 2 0 0 -25177.000000 
32.007809 700000 0 0 0 0 1 0 0 25 16 0 2215 0 2 0 1 -25203.000000 
32.042099 700000 0 0 0 0 1 0 0 25 16 0 2209 4 0 0 0 -25230.000000 
32.082741 700000 0 0 0 0 0 0 0 25 16 0 2225 8 4 0 0 -25262.000000 
32.115761 700000 0 0 0 0 1 0 0 25 16 0 2193 4 0 0 1 -25288.000000 
32.150051 700000 0 0 0 0 2 0 0 25 16 0 2210 2 1 1 0 -25315.000000 
32.191959 700000 0 1 0 0 0 0 0 25 16 0 2222 2 2 0 0 -25348.000000 
32.224979 700000 1 0 0 0 0 0 0 25 16 0 2191 2 2 0 0 -25374.000000 
32.266891 700000 0 0 0 0 2 0 0 25 16 0 2297 2 1 0 1 -25407.000000 
32.299911 700000 1 0 0 0 0 0 0 25 16 0 2276 4 2 0 0 -25433.000000 
32.332932 700000 0 0 0 0 2 0 0 25 16 0 2274 0 2 0 0 -25459.000000 
32.365952 700000 0 0 2 0 0 0 0 25 16 1 2253 4 5 0 0 -25485.000000 
32.407860 700000 0 0 0 0 0 0 0 25 16 0 2275 0 3 0 1 -25518.000000 
32.442150 700000 0 0 0 0 2 0 0 25 16 0 2226 0 3 0 0 -25545.000000 
32.475170 700000 0 0 1 0 0 0 0 25 16 0 2215 12 2 1 0 -25571.000000 
32.517078 700000 0 0 0 0 0 0 0 25 16 0 2259 4 1 0 0 -25604.000000 
32.550098 700000 0 0 1 0 2 0 0 25 16 0 2228 2 4 0 1 -25630.000000 
32.583118 700000 2 0 1 0 0 0 0 25 16 0 2206 4 2 0 0 -25656.000000 
32.625031 700000 1 0 0 0 1 0 0 25 16 0 2254 4 2 0 0 -25689.000000 
32.658051 700000 0 0 0 0 0 0 0 25 16 0 2247 0 3 0 0 -25715.000000 
32.692341 700000 0 0 0 0 0 0 0 25 16 0 2208 4 3 0 1 -25742.000000 
32.732979 700000 0 0 0 0 1 0 0 25 16 0 2241 8 3 0 0 -25774.000000 
32.767269 700000 2 0 0 0 1 0 0 25 16 0 2216 8 5 0 0 -25801.000000 
32.800289 700000 0 0 0 0 1 0 0 25 16 0 2224 0 2 1 1 -25827.000000 
32.842201 700000 0 0 0 0 1 0 0 25 16 0 2264 0 4 0 0 -25860.000000 
32.875221 700000 0 0 0 0 1 0 0 25 16 0 2230 2 1 0 0 -25886.000000 
32.908241 700000 0 0 0 0 1 0 0 25 16 0 2240 2 2 1 1 -25912.000000 
32.950150 700000 0 0 0 0 0 0 0 25 16 0 2280 0 2 0 0 -25945.000000 
32.983170 700000 1 0 0 0 1 0 0 25 16 0 2240 2 4 0 0 -25971.000000 
33.017460 700000 1 0 0 0 0 0 0 25 16 0 2260 2 4 0 1 -25998.000000 
33.059372 700000 1 0 0 0 0 0 0 25 16 0 2247 4 4 0 0 -26031.000000 
33.092392 700000 0 0 0 0 1 0 0 25 16 0 2230 0 1 0 0 -26057.000000 
33.125412 700000 0 0 0 0 0 0 0 25 16 0 2243 4 5 0 1 -26083.000000 
33.167320 700000 0 0 0 0 2 0 0 25 16 0 2267 0 2 1 0 -26116.000000 
33.200340 700000 0 0 0 0 0 0 0 25 16 0 2225 8 2 0 0 -26142.000000 
33.233360 700000 0 0 0 0 0 0 0 25 16 0 2219 2 2 0 0 -26168.000000 
33.275269 700000 0 0 0 0 0 0 0 25 16 0 2239 8 4 1 1 -26201.000000 
33.309559 700000 1 0 0 0 0 0 0 25 16 0 2218 4 2 1 0 -26228.000000 
33.342579 700000 0 0 0 0 0 0 0 25 16 0 2221 0 0 0 0 -26254.000000 
33.384491 700000 0 0 0 0 2 0 0 25 16 0 2249 4 2 0 0 -26287.000000 
33.417511 700000 0 0 0 0 3 0 0 25 16 0 2197 0 0 1 0 -26313.000000 
33.450531 700000 0 0 0 0 1 0 0 25 16 0 2209 2 3 0 0 -26339.000000 
33.492439 700000 0 0 0 0 1 0 0 25 16 0 2226 4 2 0 0 -26372.000000 
33.525459 700000 0 0 0 0 0 0 0 25 16 0 2216 2 2 0 0 -26398.000000 
33.559750 700000 0 0 1 0 2 0 0 25 16 1 2247 2 1 0 1 -26425.000000 
33.600391 700000 2 0 0 0 1 0 0 25 16 0 2272 2 1 0 0 -26457.000000 
33.634682 700000 0 0 0 0 3 0 0 25 16 0 2278 6 3 0 0 -26484.000000 
33.667702 700000 1 0 2 0 1 0 0 25 16 1 2227 2 5 0 0 -26510.000000 
33.709610 700000 0 0 0 0 1 0 0 25 16 0 2258 0 7 0 1 -26543.000000 
33.742630 700000 0 0 0 0 0 0 0 25 16 0 2223 4 2 0 0 -26569.000000 
33.775650 700000 0 0 0 0 0 0 0 25 16 0 2215 2 9 0 0 -26595.000000 
33.817562 700000 1 0 1 0 4 0 0 25 16 0 2261 2 5 1 1 -26628.000000 
33.850578 700000 0 0 0 0 1 0 0 25 16 0 2215 2 2 0 0 -26654.000000 
33.884869 700000 0 0 0 0 1 0 0 25 16 0 2235 2 3 0 0 -26681.000000 
33.926781 700000 0 0 0 0 0 0 0 25 16 0 2250 2 2 0 0 -26714.000000 
33.959801 700000 0 0 0 0 0 0 0 25 16 0 2212 2 1 0 1 -26740.000000 
33.992821 700000 0 0 1 0 1 0 0 25 16 1 2206 2 2 0 0 -26766.000000 
34.034729 700000 1 0 0 0 3 0 0 25 16 0 2253 2 4 0 0 -26799.000000 
34.067749 700000 0 0 0 0 1 0 0 25 16 0 2226 0 3 0 0 -26825.000000 
34.100769 700000 0 0 0 0 1 0 0 25 16 0 2228 2 5 0 0 -26851.000000 
34.142681 700000 1 0 0 0 0 0 0 25 16 0 2231 2 3 0 1 -26884.000000 
34.176971 700000 0 0 1 0 3 0 0 25 16 0 2205 4 1 0 0 -26911.000000 
34.209991 700000 0 0 0 0 0 0 0 25 16 0 2223 4 2 0 0 -26937.000000 
34.250629 700000 0 0 0 0 1 0 0 25 16 0 2268 4 4 0 1 -26969.000000 
34.284920 700000 1 0 1 0 2 0 0 25 16 0 2249 4 2 0 0 -26996.000000 
34.317940 700000 0 0 0 0 2 0 0 25 16 0 2232 8 2 0 0 -27022.000000 
34.359852 700000 2 0 0 0 0 0 0 25 16 0 2266 2 1 0 1 -27055.000000 
34.392872 700000 1 0 0 0 0 0 0 25 16 0 2222 2 2 0 0 -27081.000000 
34.427158 700000 0 0 0 0 0 0 0 25 16 0 2209 4 0 1 0 -27108.000000 
34.467800 700000 0 0 0 0 1 0 0 25 16 0 2237 2 2 0 0 -27140.000000 
34.500820 700000 0 0 0 0 1 0 0 25 16 0 2204 2 5 0 1 -27166.000000 
34.535110 700000 0 0 0 0 0 0 0 25 16 0 2212 0 1 2 0 -27193.000000 
34.577019 700000 0 0 1 0 2 0 0 25 16 1 2253 2 0 1 0 -27226.000000 
34.610039 700000 0 0 0 0 0 0 0 25 16 0 2221 4 1 0 0 -27252.000000 
34.643059 700000 0 0 1 0 1 0 0 25 16 0 2231 0 4 0 0 -27278.000000 
34.684971 700000 0 0 0 0 1 0 0 25 16 0 2250 8 4 0 0 -27311.000000 
34.717991 700000 0 0 0 0 1 0 0 25 16 0 2189 4 5 0 0 -27337.000000 
34.751011 700000 0 0 0 0 4 0 0 25 16 0 2218 2 1 1 1 -27363.000000 
34.794189 700000 0 0 0 0 1 0 0 25 16 0 2198 4 2 0 0 -27397.000000 
34.827209 700000 1 0 0 0 3 0 0 25 16 0 2200 2 3 0 0 -27423.000000 
34.860229 700000 1 0 0 0 4 0 0 25 16 0 2258 6 1 0 1 -27449.000000 
34.902142 700000 0 0 0 0 2 0 0 25 16 0 2294 0 2 0 0 -27482.000000 
34.935162 700000 0 0 1 0 2 0 0 25 16 1 2251 8 3 0 0 -27508.000000 
34.968182 700000 0 0 0 0 1 0 0 25 16 0 2240 0 5 1 1 -27534.000000 
35.010090 700000 0 0 0 0 0 0 0 25 16 0 2263 0 4 0 0 -27567.000000 
35.044380 700000 0 0 0 0 0 0 0 25 16 0 2230 4 2 0 0 -27594.000000 
35.077400 700000 0 0 0 0 0 0 0 25 16 0 2234 2 2 0 0 -27620.000000 
35.118042 700000 0 0 0 0 3 0 0 25 16 0 2240 4 4 0 1 -27652.000000 
35.152328 700000 0 0 2 0 0 0 0 25 16 2 2203 0 1 0 0 -27679.000000 
35.185349 700000 0 0 0 0 2 0 0 25 16 0 2193 4 5 0 0 -27705.000000 
35.227261 700000 0 0 0 0 2 0 0 25 16 0 2251 4 2 1 0 -27738.000000 
35.260281 700000 0 0 0 0 2 0 0 25 16 0 2198 0 0 0 1 -27764.000000 
35.294571 700000 1 0 0 0 1 0 0 25 16 0 2229 4 3 0 0 -27791.000000 
35.335209 700000 0 0 0 0 0 0 0 25 16 0 2298 0 1 0 0 -27823.000000 
35.368229 700000 2 0 0 0 1 0 0 25 16 0 2225 2 0 0 0 -27849.000000 
35.402519 700000 1 0 0 0 3 0 0 25 16 0 2249 4 4 0 0 -27876.000000 
35.444431 700000 0 0 0 0 0 0 0 25 16 0 2270 4 2 1 0 -27909.000000 
35.477451 700000 0 0 0 0 1 0 0 25 16 0 2244 2 6 0 0 -27935.000000 
35.510471 700000 0 0 0 0 0 0 0 25 16 0 2240 2 0 0 0 -27961.000000 
35.552380 700000 0 0 0 0 0 0 0 25 16 0 2298 0 3 0 0 -27994.000000 
35.585400 700000 0 0 0 0 1 0 0 25 16 0 2251 1 1 0 0 -28020.000000 
35.618420 700000 0 0 1 0 1 0 0 25 16 0 2221 6 1 0 0 -28046.000000 
35.661602 700000 0 0 0 0 1 0 0 25 16 0 2257 4 2 0 0 -28080.000000 
35.694622 700000 0 0 0 0 0 0 0 25 16 0 2218 4 1 1 0 -28106.000000 
35.727642 700000 1 0 0 0 1 0 0 25 16 0 2199 0 8 0 0 -28132.000000 
35.769550 700000 0 0 0 0 0 0 0 25 16 0 2237 2 0 0 0 -28165.000000 
35.802570 700000 0 0 0 0 1 0 0 25 16 0 2190 2 2 0 0 -28191.000000 
35.835590 700000 0 0 0 0 1 0 0 25 16 0 2178 6 2 0 0 -28217.000000 
35.877499 700000 0 0 0 0 0 0 0 25 16 0 2235 4 3 0 0 -28250.000000 
35.911789 700000 0 0 0 0 0 0 0 25 16 0 2188 4 2 2 0 -28277.000000 
35.944809 700000 0 0 0 0 2 0 0 25 16 0 2187 2 3 0 0 -28303.000000 
35.985451 700000 0 0 0 0 2 0 0 25 16 0 2211 4 4 0 0 -28335.000000 
36.019741 700000 1 0 0 0 0 0 0 25 16 0 2197 4 4 0 0 -28362.000000 
36.052761 700000 0 0 0 0 0 0 0 25 16 0 2184 2 2 0 0 -28388.000000 
36.094669 700000 0 0 0 0 0 0 0 25 16 0 2227 6 4 0 0 -28421.000000 
36.127689 700000 1 0 0 0 0 0 0 25 16 0 2218 4 2 0 0 -28447.000000 
36.161980 700000 0 0 0 0 3 0 0 25 16 0 2222 2 1 0 0 -28474.000000 
36.202621 700000 0 0 0 0 2 0 0 25 16 0 2249 4 0 0 0 -28506.000000 
36.235641 700000 0 0 0 0 1 0 0 25 16 0 2269 0 2 0 0 -28532.000000 
36.269932 700000 0 0 0 0 0 0 0 25 16 0 2249 4 4 0 0 -28559.000000 
36.302952 700000 0 0 0 0 2 0 0 25 16 0 2222 0 3 1 0 -28585.000000 
36.344860 700000 0 0 0 0 1 0 0 25 16 0 2262 4 2 0 0 -28618.000000 
36.377880 700000 0 0 0 0 3 0 0 25 16 0 2234 2 2 0 0 -28644.000000 
36.412170 700000 2 0 0 0 1 0 0 25 16 0 2213 4 5 0 0 -28671.000000 
36.452808 700000 0 0 0 0 1 0 0 25 16 0 2255 4 2 0 0 -28703.000000 
36.485828 700000 0 0 0 0 1 0 0 25 16 0 2217 4 4 1 0 -28729.000000 
36.520119 700000 0 0 0 0 0 0 0 25 16 0 2249 6 1 1 1 -28756.000000 
36.562031 700000 0 0 0 0 1 0 0 25 16 0 2279 2 2 1 0 -28789.000000 
36.595051 700000 0 0 1 0 0 0 0 25 16 0 2236 0 2 0 0 -28815.000000 
36.628071 700000 1 0 0 0 2 0 0 25 16 0 2227 2 3 0 0 -28841.000000 
36.669979 700000 0 0 0 0 1 0 0 25 16 0 2269 2 2 0 0 -28874.000000 
36.702999 700000 0 0 1 0 3 0 0 25 16 0 2227 4 1 0 0 -28900.000000 
36.736019 700000 0 0 1 0 0 0 0 25 16 0 2222 2 2 0 0 -28926.000000 
36.777931 700000 0 0 0 0 0 0 0 25 16 0 2286 2 2 0 0 -28959.000000 
36.812222 700000 0 0 0 0 3 0 0 25 16 0 2271 2 3 0 0 -28986.000000 
36.845242 700000 1 0 0 0 0 0 0 25 16 0 2237 2 2 0 1 -29012.000000 
36.887150 700000 0 0 0 0 1 0 0 25 16 0 2292 2 3 0 0 -29045.000000 
36.920170 700000 0 0 0 0 0 0 0 25 16 0 2245 2 1 0 0 -29071.000000 
36.953190 700000 0 0 0 0 0 0 0 25 16 0 2214 6 6 0 0 -29097.000000 
36.995102 700000 0 0 0 0 1 0 0 25 16 0 2268 2 3 0 1 -29130.000000 
37.028122 700000 0 0 1 0 1 0 0 25 16 1 2237 4 1 0 0 -29156.000000 
37.062408 700000 0 0 0 0 4 0 0 25 16 0 2243 0 1 1 0 -29183.000000 
37.103050 700000 1 0 0 0 0 0 0 25 16 0 2266 2 2 1 1 -29215.000000 
37.137341 700000 0 0 0 0 1 0 0 25 16 0 2225 2 3 0 0 -29242.000000 
37.170361 700000 0 0 0 0 2 0 0 25 16 0 2234 10 0 0 0 -29268.000000 
37.212269 700000 0 0 0 0 1 0 0 25 16 0 2287 10 1 0 0 -29301.000000 
37.245289 700000 0 0 0 0 0 0 0 25 16 0 2256 2 1 0 1 -29327.000000 
37.278309 700000 0 0 0 0 3 0 0 25 16 0 2229 6 2 0 0 -29353.000000 
37.320221 700000 0 0 0 0 0 0 0 25 16 0 2291 4 3 0 0 -29386.000000 
37.353241 700000 0 0 0 0 0 0 0 25 16 0 2242 2 0 1 1 -29412.000000 
37.387531 700000 0 0 0 0 0 0 0 25 16 0 2227 0 0 1 0 -29439.000000 
37.429440 700000 3 0 0 0 0 0 0 25 16 0 2281 2 5 0 0 -29472.000000 
37.462460 700000 0 0 1 0 0 0 0 25 16 0 2250 0 6 0 1 -29498.000000 
37.495480 700000 0 1 0 0 1 0 0 25 16 0 2265 2 2 0 0 -29524.000000 
37.537392 700000 1 0 0 0 0 0 0 25 16 0 2316 4 3 0 0 -29557.000000 
37.570412 700000 0 0 0 0 4 0 0 25 16 0 2266 2 1 0 1 -29583.000000 
37.603432 700000 0 0 0 0 3 0 0 25 16 0 2226 0 2 0 0 -29609.000000 
37.645340 700000 0 0 0 0 0 0 0 25 16 0 2288 0 4 0 0 -29642.000000 
37.679630 700000 0 0 0 0 2 0 0 25 16 0 2227 6 1 0 1 -29669.000000 
37.712650 700000 0 0 0 0 2 0 0 25 16 0 2220 2 3 0 0 -29695.000000 
37.753292 700000 1 1 0 0 1 0 0 25 16 0 2284 0 4 0 0 -29727.000000 
37.787579 700000 0 1 0 0 1 0 0 25 16 0 2252 2 3 0 0 -29754.000000 
37.820599 700000 0 0 0 0 0 0 0 25 16 0 2257 4 3 0 1 -29780.000000 
37.862511 700000 1 0 0 0 1 0 0 25 16 0 2290 6 4 1 0 -29813.000000 
37.895531 700000 0 0 0 0 0 0 0 25 16 0 2234 4 3 0 0 -29839.000000 
37.929821 700000 0 0 0 0 1 0 0 25 16 0 2230 4 1 0 0 -29866.000000 
37.970459 700000 1 0 0 0 3 0 0 25 16 0 2278 2 2 0 1 -29898.000000 
38.003479 700000 0 0 1 0 1 0 0 25 16 0 2249 2 1 0 0 -29924.000000 
38.037769 700000 0 0 0 0 0 0 0 25 16 0 2242 6 4 0 1 -29951.000000 
38.079681 700000 0 0 0 0 2 0 0 25 16 0 2290 2 5 0 0 -29984.000000 
38.112701 700000 2 0 0 0 0 0 0 25 16 0 2267 0 0 0 0 -30010.000000 
38.145721 700000 0 0 0 0 1 0 0 25 16 0 2254 0 3 1 0 -30036.000000 
38.187630 700000 0 0 0 0 0 0 0 25 16 0 2299 8 0 1 1 -30069.000000 
38.220650 700000 1 0 0 0 0 0 0 25 16 0 2281 6 2 0 0 -30095.000000 
38.253670 700000 0 0 0 0 0 0 0 25 16 0 2256 2 0 0 0 -30121.000000 
38.296852 700000 0 0 0 0 0 0 0 25 16 0 2290 10 2 0 1 -30155.000000 
38.329872 700000 0 0 0 0 3 0 0 25 16 0 2245 4 1 0 0 -30181.000000 
38.362888 700000 0 0 0 0 0 0 0 25 16 0 2262 2 2 0 0 -30207.000000 
38.404800 700000 1 0 0 0 2 0 0 25 16 0 2286 0 5 1 1 -30240.000000 
38.437820 700000 0 0 0 0 0 0 0 25 16 0 2250 0 2 0 0 -30266.000000 
38.470840 700000 0 0 0 0 0 0 0 25 16 0 2259 6 1 0 0 -30292.000000 
38.512749 700000 1 0 0 0 0 0 0 25 16 0 2291 2 0 0 0 -30325.000000 
38.547039 700000 0 0 0 0 1 0 0 25 16 0 2272 4 1 0 1 -30352.000000 
38.580059 700000 1 0 0 0 0 0 0 25 16 0 2247 6 1 0 0 -30378.000000 
38.620701 700000 0 0 0 0 3 0 0 25 16 0 2282 4 2 0 0 -30410.000000 
38.654991 700000 0 0 0 0 0 0 0 25 16 0 2248 2 4 1 1 -30437.000000 
38.688011 700000 1 0 0 0 3 0 0 25 16 0 2247 4 5 0 0 -30463.000000 
38.729919 700000 1 0 1 0 2 0 0 25 16 1 2257 2 4 0 0 -30496.000000 
38.762939 700000 0 0 0 0 0 0 0 25 16 0 2268 4 1 0 0 -30522.000000 
38.797230 700000 1 0 0 0 0 0 0 25 16 0 2283 6 4 0 0 -30549.000000 
38.837872 700000 0 0 0 0 3 0 0 25 16 0 2294 4 4 0 0 -30581.000000 
38.870892 700000 0 0 0 0 2 0 0 25 16 0 2277 4 2 0 0 -30607.000000 
38.905182 700000 0 0 1 0 0 0 0 25 16 1 2276 6 1 0 0 -30634.000000 
38.947090 700000 0 0 1 0 2 0 0 25 16 0 2274 4 2 0 0 -30667.000000 
38.980110 700000 0 0 0 0 1 0 0 25 16 0 2228 2 4 0 0 -30693.000000 
39.013130 700000 1 0 0 0 0 0 0 25 16 0 2266 6 2 0 1 -30719.000000 
39.055038 700000 0 0 0 0 1 0 0 25 16 0 2265 2 6 0 0 -30752.000000 
39.088058 700000 1 0 0 0 0 0 0 25 16 0 2248 2 2 0 0 -30778.000000 
39.121078 700000 0 0 0 0 1 0 0 25 16 0 2269 2 4 0 1 -30804.000000 
39.164261 700000 0 0 1 0 1 0 0 25 16 0 2267 2 4 0 0 -30838.000000 
39.197281 700000 0 0 0 0 1 0 0 25 16 0 2232 4 5 0 0 -30864.000000 
39.230301 700000 0 0 0 0 1 0 0 25 16 0 2257 2 0 0 1 -30890.000000 
39.272209 700000 0 0 0 0 0 0 0 25 16 0 2267 4 1 0 0 -30923.000000 
39.305229 700000 1 0 0 0 0 0 0 25 16 0 2243 2 4 0 0 -30949.000000 
39.338249 700000 0 0 0 0 2 0 0 25 16 0 2260 0 2 0 1 -30975.000000 
39.380161 700000 0 0 0 0 0 0 0 25 16 0 2269 2 0 0 0 -31008.000000 
39.414452 700000 0 0 0 0 0 0 0 25 16 0 2250 8 3 0 0 -31035.000000 
39.447472 700000 1 0 0 0 2 0 0 25 16 0 2261 2 3 0 0 -31061.000000 
39.488110 700000 0 0 0 0 0 0 0 25 16 0 2279 2 3 0 1 -31093.000000 
39.522400 700000 0 0 0 0 2 0 0 25 16 0 2259 10 1 0 0 -31120.000000 
39.555420 700000 0 0 1 0 0 0 0 25 16 1 2223 0 2 0 1 -31146.000000 
39.597332 700000 0 0 0 0 0 0 0 25 16 0 2250 2 1 0 0 -31179.000000 
39.630352 700000 0 0 0 0 0 0 0 25 16 0 2234 0 8 0 0 -31205.000000 
39.664639 700000 1 0 0 0 1 0 0 25 16 0 2228 6 2 0 0 -31232.000000 
39.705280 700000 1 0 0 0 1 0 0 25 16 0 2240 0 2 0 1 -31264.000000 
39.738300 700000 0 0 0 0 0 0 0 25 16 0 2230 2 4 0 0 -31290.000000 
39.772591 700000 0 0 0 0 5 0 0 25 16 0 2234 2 2 0 0 -31317.000000 
39.814499 700000 0 0 0 0 0 0 0 25 16 0 2270 0 3 0 1 -31350.000000 
39.847519 700000 0 0 0 0 1 0 0 25 16 0 2236 2 1 0 0 -31376.000000 
39.880539 700000 0 0 0 0 3 0 0 25 16 0 2265 0 2 0 0 -31402.000000 
39.922451 700000 2 0 0 0 3 0 0 25 16 0 2267 6 2 0 1 -31435.000000 
39.955471 700000 0 0 0 0 1 0 0 25 16 0 2248 2 1 0 0 -31461.000000 
39.988491 700000 0 0 0 0 1 0 0 25 16 0 2248 6 4 0 0 -31487.000000 
40.030399 700000 1 0 0 0 1 0 0 25 16 0 2283 2 7 0 1 -31520.000000 
40.064690 700000 1 0 1 0 0 0 0 25 16 1 2267 6 1 0 0 -31547.000000 
40.097710 700000 0 0 0 0 0 0 0 25 16 0 2268 2 2 0 0 -31573.000000 
40.139622 700000 1 0 0 0 0 0 0 25 16 0 2282 4 0 0 1 -31606.000000 
40.172642 700000 0 0 0 0 1 0 0 25 16 0 2271 4 3 0 0 -31632.000000 
40.205662 700000 0 0 0 0 0 0 0 25 16 0 2254 4 2 1 0 -31658.000000 
40.247570 700000 2 0 0 0 2 0 0 25 16 0 2267 2 2 0 0 -31691.000000 
40.280590 700000 0 0 0 0 2 0 0 25 16 0 2242 2 1 0 1 -31717.000000 
40.314880 700000 0 0 0 0 13 0 0 25 16 0 2266 4 1 0 0 -31744.000000 
40.355522 700000 0 0 0 0 1 0 0 25 16 0 2296 2 3 0 0 -31776.000000 
40.389809 700000 0 0 1 0 1 0 0 25 16 1 2251 2 2 0 0 -31803.000000 
40.422829 700000 0 0 0 0 2 0 0 25 16 0 2231 6 4 2 1 -31829.000000 
40.464741 700000 0 0 0 0 1 0 0 25 16 0 2245 8 2 0 0 -31862.000000 
40.497761 700000 0 0 0 0 1 0 0 25 16 0 2260 4 3 0 0 -31888.000000 
40.530781 700000 1 0 0 0 0 0 0 25 16 0 2237 0 1 0 1 -31914.000000 
40.572689 700000 0 0 0 0 2 0 0 25 16 0 2249 4 1 0 0 -31947.000000 
40.605709 700000 0 0 0 0 1 0 0 25 16 0 2239 6 2 0 0 -31973.000000 
40.639999 700000 1 0 1 0 0 0 0 25 16 0 2225 0 2 0 1 -32000.000000 
40.681911 700000 1 0 0 0 0 0 0 25 16 0 2267 4 2 0 0 -32033.000000 
40.714931 700000 0 0 0 0 1 0 0 25 16 0 2271 2 4 0 1 -32059.000000 
40.747952 700000 0 0 0 0 1 0 0 25 16 0 2284 12 2 0 0 -32085.000000 
40.789860 700000 0 0 0 0 3 0 0 25 16 0 2310 2 6 1 0 -32118.000000 
40.822880 700000 0 0 0 0 0 0 0 25 16 0 2284 2 5 0 1 -32144.000000 
40.855900 700000 0 0 1 0 1 0 0 25 16 1 2243 6 2 0 0 -32170.000000 
40.897812 700000 0 0 0 0 4 0 0 25 16 0 2273 4 1 0 0 -32203.000000 
40.932098 700000 0 0 0 0 0 0 0 25 16 0 2264 6 1 0 1 -32230.000000 
40.965118 700000 0 0 0 0 0 0 0 25 16 0 2257 0 7 1 0 -32256.000000 
41.005760 700000 0 0 0 0 1 0 0 25 16 0 2214 2 0 0 0 -32288.000000 
41.040051 700000 0 0 0 0 0 0 0 25 16 0 2170 4 2 0 1 -32315.000000 
41.073071 700000 0 0 0 0 2 0 0 25 16 0 2216 0 4 0 0 -32341.000000 
41.114979 700000 0 0 0 0 1 0 0 25 16 0 2228 4 1 0 0 -32374.000000 
41.147999 700000 0 0 0 0 0 0 0 25 16 0 2206 6 4 0 0 -32400.000000 
41.182289 700000 0 0 0 0 1 0 0 25 16 0 2231 2 3 0 1 -32427.000000 
41.222931 700000 0 0 1 0 1 0 0 25 16 0 2218 2 1 1 0 -32459.000000 
41.255951 700000 1 0 0 0 1 0 0 25 16 0 2225 6 2 0 0 -32485.000000 
41.290241 700000 0 0 0 0 1 0 0 25 16 0 2235 0 1 1 0 -32512.000000 
41.332150 700000 0 0 0 0 0 0 0 25 16 0 2217 0 2 0 1 -32545.000000 
41.365170 700000 0 0 0 0 0 0 0 25 16 0 2212 2 1 1 0 -32571.000000 
41.398190 700000 0 1 0 0 2 0 0 25 16 0 2246 2 3 0 0 -32597.000000 
41.440102 700000 1 0 0 0 1 0 0 25 16 0 2253 2 1 0 1 -32630.000000 
41.473122 700000 0 0 1 0 0 0 0 25 16 1 2207 4 4 0 0 -32656.000000 
41.506142 700000 0 0 0 0 4 0 0 25 16 0 2225 6 1 1 0 -32682.000000 
41.549320 700000 0 0 0 0 2 0 0 25 16 0 2256 6 3 0 1 -32716.000000 
41.582340 700000 1 0 0 0 1 0 0 25 16 0 2221 2 2 0 0 -32742.000000 
41.615360 700000 1 0 0 0 2 0 0 25 16 0 2222 2 0 0 0 -32768.000000 
41.657269 700000 0 0 0 0 0 0 0 25 16 0 2245 4 2 0 0 -32801.000000 
41.690289 700000 0 0 1 0 0 0 0 25 16 0 2247 2 3 0 1 -32827.000000 
41.723309 700000 2 0 0 0 0 0 0 25 16 0 2216 2 1 0 0 -32853.000000 
41.765221 700000 1 0 0 0 1 0 0 25 16 0 2246 0 3 1 0 -32886.000000 
41.799511 700000 0 0 0 0 3 0 0 25 16 0 2245 0 2 0 1 -32913.000000 
41.832531 700000 0 0 1 0 1 0 0 25 16 0 2226 4 2 1 0 -32939.000000 
41.873169 700000 1 0 1 0 0 0 0 25 16 0 2263 0 2 0 0 -32971.000000 
41.907459 700000 1 0 1 0 1 0 0 25 16 0 2235 12 2 0 1 -32998.000000 
41.940479 700000 0 0 0 0 2 0 0 25 16 0 2230 6 6 0 0 -33024.000000 
41.982391 700000 0 0 0 0 1 0 0 25 16 0 2253 4 5 0 0 -33057.000000 
42.015411 700000 0 0 0 0 2 0 0 25 16 0 2245 0 3 0 0 -33083.000000 
42.049702 700000 0 0 0 0 4 0 0 25 16 0 2244 2 2 0 1 -33110.000000 
42.090340 700000 1 0 0 0 0 0 0 25 16 0 2277 6 2 0 0 -33142.000000 
42.123360 700000 0 0 0 0 1 0 0 25 16 0 2264 6 5 0 0 -33168.000000 
42.157650 700000 0 0 0 0 0 0 0 25 16 0 2242 2 2 0 1 -33195.000000 
42.199562 700000 0 0 0 0 2 0 0 25 16 0 2256 12 1 0 0 -33228.000000 
42.232582 700000 0 0 0 0 0 0 0 25 16 0 2243 0 3 0 0 -33254.000000 
42.265602 700000 0 0 0 0 3 0 0 25 16 0 2205 8 2 0 0 -33280.000000 
42.307510 700000 0 0 0 0 1 0 0 25 16 0 2204 2 1 0 1 -33313.000000 
42.340530 700000 1 0 0 0 1 0 0 25 16 0 2178 2 2 0 0 -33339.000000 
42.373550 700000 0 0 0 0 0 0 0 25 16 0 2198 4 3 0 0 -33365.000000 
42.416729 700000 0 0 1 0 0 0 0 25 16 1 2192 6 3 0 0 -33399.000000 
42.449749 700000 0 0 0 0 0 0 0 25 16 0 2177 0 2 0 1 -33425.000000 
42.482769 700000 0 0 0 0 2 0 0 25 16 0 2211 6 5 0 0 -33451.000000 
42.524681 700000 0 0 0 0 2 0 0 25 16 0 2194 2 1 0 0 -33484.000000 
42.557701 700000 1 0 0 0 1 0 0 25 16 0 2205 4 4 0 1 -33510.000000 
42.590721 700000 0 0 0 0 1 0 0 25 16 0 2208 4 2 0 0 -33536.000000 
42.632629 700000 0 0 2 0 1 0 0 25 16 0 2203 6 2 2 0 -33569.000000 
42.666920 700000 1 0 0 0 4 0 0 25 16 0 2202 6 0 0 1 -33596.000000 
42.699940 700000 0 0 0 0 1 0 0 25 16 0 2258 8 1 0 0 -33622.000000 
42.741852 700000 0 0 0 0 1 0 0 25 16 0 2238 4 0 0 0 -33655.000000 
42.774872 700000 1 0 0 0 1 0 0 25 16 0 2236 4 4 0 0 -33681.000000 
42.807892 700000 0 0 0 0 2 0 0 25 16 0 2231 2 0 0 1 -33707.000000 
42.849800 700000 0 0 0 0 0 0 0 25 16 0 2250 6 5 1 0 -33740.000000 
42.882820 700000 0 0 0 0 3 0 0 25 16 0 2236 0 0 0 0 -33766.000000 
42.917110 700000 0 0 0 0 2 0 0 25 16 0 2216 4 2 0 0 -33793.000000 
42.957748 700000 0 0 0 0 0 0 0 25 16 0 2237 2 3 0 1 -33825.000000 
42.990768 700000 1 0 0 0 0 0 0 25 16 0 2235 2 2 1 0 -33851.000000 
43.025059 700000 0 0 2 0 2 0 0 25 16 2 2223 2 1 1 0 -33878.000000 
43.066971 700000 0 0 0 0 0 0 0 25 16 0 2233 0 5 1 0 -33911.000000 
43.099991 700000 0 0 0 0 0 0 0 25 16 0 2226 8 0 0 1 -33937.000000 
43.133011 700000 0 0 0 0 0 0 0 25 16 0 2242 2 2 0 0 -33963.000000 
43.174919 700000 1 0 0 0 0 0 0 25 16 0 2249 4 4 0 0 -33996.000000 
43.207939 700000 1 0 0 0 1 0 0 25 16 0 2220 2 2 1 0 -34022.000000 
43.240959 700000 0 0 0 0 3 0 0 25 16 0 2206 0 4 0 1 -34048.000000 
43.282871 700000 0 0 0 0 2 0 0 25 16 0 2227 6 1 0 0 -34081.000000 
43.317162 700000 1 0 0 0 0 0 0 25 16 0 2213 2 1 0 0 -34108.000000 
43.350182 700000 0 0 1 0 1 0 0 25 16 0 2238 4 7 0 0 -34134.000000 
43.392090 700000 0 0 1 0 1 0 0 25 16 1 2260 4 2 0 1 -34167.000000 
43.425110 700000 0 0 0 0 0 0 0 25 16 0 2267 4 0 1 0 -34193.000000 
43.458130 700000 1 0 0 0 1 0 0 25 16 0 2226 10 3 0 0 -34219.000000 
43.500042 700000 0 0 0 0 0 0 0 25 16 0 2244 4 1 0 1 -34252.000000 
43.533062 700000 1 0 0 0 0 0 0 25 16 0 2232 6 3 0 0 -34278.000000 
43.567348 700000 0 0 1 0 2 0 0 25 16 1 2202 2 4 1 0 -34305.000000 
43.607990 700000 0 0 0 0 2 0 0 25 16 0 2222 0 4 0 0 -34337.000000 
43.642281 700000 0 0 0 0 0 0 0 25 16 0 2220 0 2 0 1 -34364.000000 
43.675301 700000 1 0 1 0 1 0 0 25 16 0 2210 0 1 0 0 -34390.000000 
43.717209 700000 1 0 1 0 6 0 0 25 16 0 2213 2 2 0 0 -34423.000000 
43.750229 700000 0 0 0 0 2 0 0 25 16 0 2220 4 2 0 1 -34449.000000 
43.783249 700000 0 0 0 0 1 0 0 25 16 0 2214 2 1 0 0 -34475.000000 
43.825161 700000 1 0 0 0 1 0 0 25 16 0 2251 4 3 0 0 -34508.000000 
43.858181 700000 1 0 2 0 0 0 0 25 16 2 2221 0 1 0 0 -34534.000000 
43.892471 700000 0 0 0 0 0 0 0 25 16 0 2211 2 3 0 1 -34561.000000 
43.934380 700000 2 0 0 0 1 0 0 25 16 0 2222 2 4 1 0 -34594.000000 
43.967400 700000 1 0 0 0 0 0 0 25 16 0 2221 0 5 0 0 -34620.000000 
44.000420 700000 0 0 1 0 2 0 0 25 16 1 2228 0 1 0 1 -34646.000000 
44.042332 700000 0 0 0 0 1 0 0 25 16 0 2247 2 3 0 0 -34679.000000 
44.075352 700000 0 0 0 0 0 0 0 25 16 0 2240 0 1 0 0 -34705.000000 
44.108372 700000 0 0 0 0 0 0 0 25 16 0 2242 6 0 0 0 -34731.000000 
44.150280 700000 0 0 0 0 2 0 0 25 16 0 2190 2 6 1 1 -34764.000000 
44.184570 700000 0 0 0 0 1 0 0 25 16 0 2168 2 4 0 0 -34791.000000 
44.217590 700000 1 0 0 0 0 0 0 25 16 0 2209 4 1 1 0 -34817.000000 
44.259499 700000 0 0 0 0 1 0 0 25 16 0 2195 0 0 0 1 -34850.000000 
44.292519 700000 0 0 1 0 0 0 0 25 16 0 2182 4 5 0 0 -34876.000000 
44.325539 700000 0 0 0 0 1 0 0 25 16 0 2229 4 4 0 0 -34902.000000 
44.367451 700000 0 0 1 0 1 0 0 25 16 1 2230 2 4 0 0 -34935.000000 
44.400471 700000 0 0 0 0 1 0 0 25 16 0 2210 2 3 0 1 -34961.000000 
44.434761 700000 1 0 0 0 1 0 0 25 16 0 2206 6 2 0 0 -34988.000000 
44.475399 700000 0 0 0 0 0 0 0 25 16 0 2212 2 0 1 0 -35020.000000 
44.509689 700000 0 0 1 0 0 0 0 25 16 0 2194 4 2 0 0 -35047.000000 
44.542709 700000 1 0 0 0 1 0 0 25 16 0 2203 2 4 0 1 -35073.000000 
44.584621 700000 0 1 0 0 1 0 0 25 16 0 2199 2 6 0 0 -35106.000000 
44.617641 700000 0 1 0 0 0 0 0 25 16 0 2198 2 1 0 0 -35132.000000 
44.650661 700000 0 0 0 0 2 0 0 25 16 0 2220 2 2 0 0 -35158.000000 
44.692570 700000 0 0 0 0 1 0 0 25 16 0 2237 0 2 0 0 -35191.000000 
44.725590 700000 0 0 0 0 0 0 0 25 16 0 2227 4 2 0 1 -35217.000000 
44.759880 700000 0 0 0 0 2 0 0 25 16 0 2248 4 1 0 0 -35244.000000 
44.801792 700000 0 0 0 0 1 0 0 25 16 0 2227 12 3 0 0 -35277.000000 
44.834812 700000 1 0 0 0 2 0 0 25 16 0 2209 2 3 1 1 -35303.000000 
44.867832 700000 0 0 0 0 3 0 0 25 16 0 2196 2 3 0 0 -35329.000000 
44.909740 700000 0 0 0 0 1 0 0 25 16 0 2193 2 0 0 0 -35362.000000 
44.942760 700000 0 0 0 0 0 0 0 25 16 0 2193 6 5 0 1 -35388.000000 
44.975780 700000 0 0 0 0 1 0 0 25 16 0 2214 4 1 1 0 -35414.000000 
45.017689 700000 0 0 0 0 2 0 0 25 16 0 2235 2 3 0 0 -35447.000000 
45.051979 700000 0 0 0 0 0 0 0 25 16 0 2232 6 2 0 1 -35474.000000 
45.084999 700000 0 0 0 0 2 0 0 25 16 0 2236 2 1 1 0 -35500.000000 
45.126911 700000 0 0 1 0 1 0 0 25 16 0 2234 4 3 1 0 -35533.000000 
45.159931 700000 1 0 0 0 0 0 0 25 16 0 2228 8 1 0 1 -35559.000000 
45.192951 700000 0 0 0 0 0 0 0 25 16 0 2217 0 4 1 0 -35585.000000 
45.234859 700000 0 0 0 0 0 0 0 25 16 0 2202 2 6 0 0 -35618.000000 
45.267879 700000 2 0 2 0 2 0 0 25 16 2 2203 2 1 1 0 -35644.000000 
45.302170 700000 0 0 1 0 1 0 0 25 16 0 2229 6 1 1 1 -35671.000000 
45.342812 700000 1 0 0 0 3 0 0 25 16 0 2203 6 5 0 0 -35703.000000 
45.377102 700000 1 0 1 0 0 0 0 25 16 1 2167 2 2 0 0 -35730.000000 
45.410122 700000 0 0 0 0 2 0 0 25 16 0 2226 8 1 0 0 -35756.000000 
45.452030 700000 0 0 0 0 2 0 0 25 16 0 2208 2 0 0 1 -35789.000000 
45.485050 700000 0 0 0 0 1 0 0 25 16 0 2210 2 1 0 0 -35815.000000 
45.518070 700000 0 0 0 0 0 0 0 25 16 0 2207 2 1 0 0 -35841.000000 
45.559978 700000 0 0 0 0 0 0 0 25 16 0 2238 2 2 0 0 -35874.000000 
45.592999 700000 0 0 0 0 1 0 0 25 16 0 2228 4 5 0 1 -35900.000000 
45.627289 700000 0 0 0 0 2 0 0 25 16 0 2228 4 0 0 0 -35927.000000 
45.669201 700000 0 0 0 0 0 0 0 25 16 0 2234 2 2 1 0 -35960.000000 
45.702221 700000 0 0 0 0 0 0 0 25 16 0 2215 0 2 1 0 -35986.000000 
45.735241 700000 0 0 0 0 1 0 0 25 16 0 2226 6 2 0 1 -36012.000000 
45.777149 700000 0 0 1 0 1 0 0 25 16 1 2246 2 1 0 0 -36045.000000 
45.810169 700000 1 0 0 0 1 0 0 25 16 0 2222 8 8 0 0 -36071.000000 
45.843189 700000 0 0 0 0 1 0 0 25 16 0 2220 2 1 0 0 -36097.000000 
45.885101 700000 0 0 0 0 3 0 0 25 16 0 2205 2 1 0 1 -36130.000000 
45.919392 700000 0 0 0 0 2 0 0 25 16 0 2230 8 4 0 0 -36157.000000 
45.952412 700000 1 0 0 0 0 0 0 25 16 0 2238 0 4 0 0 -36183.000000 
45.994320 700000 1 0 0 0 3 0 0 25 16 0 2261 2 1 0 1 -36216.000000 
46.027340 700000 0 0 0 0 2 0 0 25 16 0 2255 4 2 0 0 -36242.000000 
46.060360 700000 0 0 1 0 2 0 0 25 16 0 2246 2 1 1 0 -36268.000000 
46.102272 700000 1 0 0 0 0 0 0 25 16 0 2223 2 2 0 0 -36301.000000 
46.135292 700000 0 0 0 0 0 0 0 25 16 0 2215 6 3 0 1 -36327.000000 
46.169579 700000 0 0 0 0 0 0 0 25 16 0 2225 2 2 0 0 -36354.000000 
46.210220 700000 0 0 0 0 4 0 0 25 16 0 2209 4 2 0 0 -36386.000000 
46.244511 700000 0 0 0 0 1 0 0 25 16 0 2178 2 2 0 1 -36413.000000 
46.277531 700000 1 0 0 0 1 0 0 25 16 0 2209 2 3 0 0 -36439.000000 
46.319439 700000 1 0 1 0 3 0 0 25 16 1 2193 2 6 0 0 -36472.000000 
46.352459 700000 0 0 0 0 0 0 0 25 16 0 2187 10 3 0 0 -36498.000000 
46.385479 700000 1 0 0 0 1 0 0 25 16 0 2212 6 2 1 1 -36524.000000 
46.427391 700000 0 0 0 0 3 0 0 25 16 0 2225 0 1 0 0 -36557.000000 
46.460411 700000 0 0 0 0 3 0 0 25 16 0 2191 6 3 0 0 -36583.000000 
46.494701 700000 0 0 0 0 0 0 0 25 16 0 2210 4 2 0 1 -36610.000000 
46.535339 700000 0 0 0 0 0 0 0 25 16 0 2212 8 0 0 0 -36642.000000 
46.569630 700000 0 0 0 0 0 0 0 25 16 0 2217 0 1 0 0 -36669.000000 
46.602650 700000 0 0 1 0 3 0 0 25 16 0 2224 4 1 0 0 -36695.000000 
46.644562 700000 0 0 0 0 0 0 0 25 16 0 2196 6 5 0 1 -36728.000000 
46.677582 700000 0 0 0 0 2 0 0 25 16 0 2185 4 2 0 0 -36754.000000 
46.710602 700000 0 0 0 0 0 0 0 25 16 0 2236 6 5 0 1 -36780.000000 
46.752510 700000 0 0 0 0 0 0 0 25 16 0 2197 6 3 0 0 -36813.000000 
46.785530 700000 0 0 0 0 2 0 0 25 16 0 2200 6 5 0 0 -36839.000000 
46.819820 700000 0 0 0 0 0 0 0 25 16 0 2212 0 1 2 0 -36866.000000 
46.860462 700000 0 0 0 0 1 0 0 25 16 0 2211 0 3 0 1 -36898.000000 
46.894749 700000 0 0 1 0 0 0 0 25 16 0 2194 8 4 0 0 -36925.000000 
46.927769 700000 0 0 0 0 0 0 0 25 16 0 2179 8 0 0 0 -36951.000000 
46.969681 700000 1 0 0 0 0 0 0 25 16 0 2219 2 2 0 0 -36984.000000 
47.002701 700000 0 0 0 0 3 0 0 25 16 0 2227 4 2 0 1 -37010.000000 
47.035721 700000 1 0 0 0 4 0 0 25 16 0 2192 2 1 0 0 -37036.000000 
47.077629 700000 0 0 0 0 0 0 0 25 16 0 2200 4 2 0 0 -37069.000000 
47.110649 700000 0 0 0 0 1 0 0 25 16 0 2193 2 5 0 1 -37095.000000 
47.144939 700000 1 0 0 0 0 0 0 25 16 0 2208 2 2 0 0 -37122.000000 
47.186852 700000 1 0 0 0 1 0 0 25 16 0 2155 2 3 0 0 -37155.000000 
47.219872 700000 0 0 0 0 2 0 0 25 16 0 2181 8 6 0 1 -37181.000000 
47.252892 700000 0 0 0 0 3 0 0 25 16 0 2223 2 2 0 0 -37207.000000 
47.294800 700000 0 0 0 0 0 0 0 25 16 0 2203 0 3 1 0 -37240.000000 
47.327820 700000 0 0 0 0 1 0 0 25 16 0 2204 8 2 0 1 -37266.000000 
47.360840 700000 0 0 0 0 1 0 0 25 16 0 2215 2 4 1 0 -37292.000000 
47.402752 700000 0 0 1 0 1 0 0 25 16 0 2189 10 4 1 0 -37325.000000 
47.437038 700000 0 0 0 0 10 0 0 25 16 0 2176 2 10 1 0 -37352.000000 
47.470058 700000 1 0 0 0 1 0 0 25 16 0 2182 6 3 0 1 -37378.000000 
47.511971 700000 0 0 0 0 0 0 0 25 16 0 2207 8 6 0 0 -37411.000000 
47.544991 700000 0 0 0 0 2 0 0 25 16 0 2181 4 9 0 0 -37437.000000 
47.578011 700000 1 0 0 0 0 0 0 25 16 0 2205 6 9 0 0 -37463.000000 
47.619919 700000 1 0 0 0 0 0 0 25 16 0 2206 10 15 3 1 -37496.000000 
47.652939 700000 0 0 0 0 0 0 0 25 16 0 2200 8 20 2 0 -37522.000000 
47.687229 700000 0 0 0 0 1 0 0 25 16 0 2215 8 20 1 0 -37549.000000 
47.727871 700000 0 0 0 0 0 0 0 25 16 0 2206 16 30 2 0 -37581.000000 
47.762161 700000 0 0 0 0 1 0 0 25 16 0 2209 12 44 1 1 -37608.000000 
47.795181 700000 1 0 0 0 0 0 0 25 16 0 2223 34 83 5 0 -37634.000000 
47.837090 700000 0 0 0 0 0 0 0 25 16 0 2185 44 153 4 0 -37667.000000 
47.870110 700000 0 0 1 0 0 0 0 25 16 1 2185 80 340 8 1 -37693.000000 
47.903130 700000 0 0 0 0 1 2 0 25 16 0 2217 90 331 17 0 -37719.000000 
47.945042 700000 0 0 1 0 3 0 0 25 16 1 2231 234 766 17 0 -37752.000000 
47.978062 700000 1 0 0 0 6 0 0 25 16 0 2200 598 2044 60 1 -37778.000000 
48.019970 700000 2 0 0 0 3 0 0 25 16 0 2290 1256 4584 107 0 -37811.000000 
48.054260 700000 3 1 0 0 12 0 0 25 16 0 2244 1897 6761 183 0 -37838.000000 
48.087280 700000 2 1 0 0 13 0 0 25 16 0 2210 2365 8523 206 0 -37864.000000 
48.129189 700000 4 0 1 0 24 0 0 25 16 1 2223 3264 11180 299 1 -37890.000000 
48.162209 700000 7 0 0 0 33 0 0 25 16 0 2229 3861 13465 326 0 -37923.000000 
48.195229 700000 4 0 2 1 31 0 0 25 16 2 2197 4235 14080 393 0 -37949.000000 
48.228249 700000 4 0 1 0 13 0 0 25 16 1 2233 4306 14729 395 1 -37975.000000 
48.270161 700000 3 1 1 0 20 0 0 25 16 1 2211 4142 14342 368 0 -38008.000000 
48.304451 700000 0 1 1 0 18 0 0 25 16 0 2207 4146 13415 420 0 -38035.000000 
48.337471 700000 3 0 0 0 16 0 0 25 16 0 2243 3754 12020 365 0 -38061.000000 
48.379379 700000 1 0 1 0 14 0 0 25 16 0 2203 2671 8942 227 1 -38094.000000 
48.412399 700000 2 0 0 0 18 0 0 25 16 0 2182 2034 6714 181 0 -38120.000000 
48.445419 700000 0 0 0 0 5 0 0 25 16 0 2222 1625 5244 147 0 -38146.000000 
48.487331 700000 2 1 0 0 9 0 0 25 16 0 2223 1037 3140 89 0 -38179.000000 
48.520351 700000 3 0 0 0 6 0 0 25 16 0 2204 571 1844 53 1 -38205.000000 
48.554642 700000 0 0 0 0 0 0 0 25 16 0 2247 189 616 18 0 -38232.000000 
48.595280 700000 0 1 0 0 5 0 0 25 16 0 2248 94 275 5 0 -38264.000000 
48.629570 700000 1 0 0 0 2 0 0 25 16 0 2204 42 153 5 1 -38291.000000 
48.662590 700000 1 0 0 0 1 0 0 25 16 0 2245 24 86 1 0 -38317.000000 
48.704502 700000 0 0 1 0 0 0 0 25 16 0 2224 10 20 0 0 -38350.000000 
48.737522 700000 0 0 0 0 1 0 0 25 16 0 2212 0 8 0 0 -38376.000000 
48.779430 700000 1 1 0 0 1 0 0 25 16 0 2242 2 8 0 1 -38409.000000 
48.812450 700000 0 0 0 0 2 0 0 25 16 0 2251 0 3 0 0 -38435.000000 
48.845470 700000 1 0 0 0 2 0 0 25 16 0 2219 0 5 0 0 -38461.000000 
48.879761 700000 0 0 0 0 2 0 0 25 16 0 2244 4 5 0 0 -38488.000000 
48.921669 700000 1 0 0 0 1 0 0 25 16 0 2235 6 2 0 1 -38521.000000 
48.954689 700000 0 0 0 0 3 0 0 25 16 0 2211 2 4 0 0 -38547.000000 
48.987709 700000 0 0 0 0 0 0 0 25 16 0 2234 6 5 0 0 -38573.000000 
49.029621 700000 0 0 0 0 1 0 0 25 16 0 2229 4 1 0 1 -38606.000000 
49.062641 700000 0 0 1 0 0 0 0 25 16 1 2190 4 2 0 0 -38632.000000 
49.095661 700000 0 0 0 0 2 0 0 25 16 0 2224 6 2 0 0 -38658.000000 
49.137569 700000 0 0 0 0 2 0 0 25 16 0 2223 0 0 0 0 -38691.000000 
49.171860 700000 0 0 0 0 2 0 0 25 16 0 2210 6 4 0 1 -38718.000000 
49.204880 700000 0 1 0 0 0 0 0 25 16 0 2233 8 1 0 0 -38744.000000 
49.246792 700000 1 0 0 0 2 0 0 25 16 0 2248 4 5 0 0 -38777.000000 
49.279812 700000 0 0 0 0 2 0 0 25 16 0 2216 0 3 0 1 -38803.000000 
49.312832 700000 0 0 0 0 0 0 0 25 16 0 2255 4 3 0 0 -38829.000000 
49.354740 700000 0 0 0 0 1 0 0 25 16 0 2209 4 4 0 0 -38862.000000 
49.387760 700000 0 0 0 0 0 0 0 25 16 0 2188 0 1 0 1 -38888.000000 
49.422050 700000 0 0 0 0 1 0 0 25 16 0 2219 6 1 0 0 -38915.000000 
49.462688 700000 0 0 0 0 2 0 0 25 16 0 2198 2 2 0 0 -38947.000000 
49.496979 700000 0 0 0 0 1 0 0 25 16 0 2178 2 2 0 1 -38974.000000 
49.529999 700000 1 0 0 0 2 0 0 25 16 0 2219 4 2 1 0 -39000.000000 
49.571911 700000 0 0 0 0 1 0 0 25 16 0 2251 4 3 0 0 -39033.000000 
49.604931 700000 0 0 0 0 0 0 0 25 16 0 2200 8 5 0 1 -39059.000000 
49.637951 700000 1 0 0 0 1 0 0 25 16 0 2211 8 3 0 0 -39085.000000 
49.679859 700000 0 0 1 0 2 0 0 25 16 0 2197 6 1 0 0 -39118.000000 
49.712879 700000 0 0 0 0 0 0 0 25 16 0 2179 4 0 0 1 -39144.000000 
49.747169 700000 0 0 0 0 0 0 0 25 16 0 2230 0 2 0 0 -39171.000000 
49.787811 700000 0 0 0 0 2 0 0 25 16 0 2182 0 1 0 0 -39203.000000 
49.822102 700000 0 0 0 0 1 0 0 25 16 0 2196 6 2 0 0 -39230.000000 
49.855122 700000 0 0 0 0 2 0 0 25 16 0 2214 10 2 0 1 -39256.000000 
49.897030 700000 0 0 0 0 0 0 0 25 16 0 2205 6 6 0 0 -39289.000000 
49.930050 700000 0 0 0 0 0 0 0 25 16 0 2192 8 2 0 0 -39315.000000 
49.963070 700000 1 0 0 0 0 0 0 25 16 0 2225 6 4 0 1 -39341.000000 
50.004982 700000 0 0 0 0 1 0 0 25 16 0 2192 2 3 0 0 -39374.000000 
50.038002 700000 0 0 0 0 1 0 0 25 16 0 2202 2 0 0 0 -39400.000000 
50.072289 700000 0 0 0 0 1 0 0 25 16 0 2216 2 3 0 1 -39427.000000 
50.114201 700000 1 0 0 0 1 0 0 25 16 0 2178 6 1 1 0 -39460.000000 
50.147221 700000 0 0 0 0 0 0 0 25 16 0 2166 4 4 0 0 -39486.000000 
50.180241 700000 0 0 0 0 1 0 0 25 16 0 2193 2 1 1 1 -39512.000000 
50.222149 700000 0 0 0 0 0 0 0 25 16 0 2204 2 0 0 0 -39545.000000 
50.255169 700000 0 0 0 0 1 0 0 25 16 0 2169 4 3 0 1 -39571.000000 
50.288189 700000 0 0 1 0 1 0 0 25 16 1 2213 4 3 1 0 -39597.000000 
50.330101 700000 1 0 1 0 0 0 0 25 16 1 2215 6 4 1 0 -39630.000000 
50.364391 700000 1 0 1 0 2 0 0 25 16 1 2177 4 2 0 0 -39657.000000 
50.397411 700000 0 0 1 0 0 0 0 25 16 0 2231 2 3 0 1 -39683.000000 
50.439320 700000 0 0 0 0 1 0 0 25 16 0 2216 2 2 0 0 -39716.000000 
50.472340 700000 0 0 0 0 0 0 0 25 16 0 2190 0 3 0 0 -39742.000000 
50.505360 700000 0 0 0 0 2 0 0 25 16 0 2230 0 0 0 1 -39768.000000 
50.547272 700000 0 0 0 0 0 0 0 25 16 0 2234 6 3 0 0 -39801.000000 
50.580292 700000 0 0 0 0 1 0 0 25 16 0 2218 4 3 0 0 -39827.000000 
50.614582 700000 0 0 0 0 1 0 0 25 16 0 2229 0 5 0 1 -39854.000000 
50.655220 700000 1 0 0 0 0 0 0 25 16 0 2245 2 1 0 0 -39886.000000 
50.689510 700000 0 0 1 0 2 0 0 25 16 0 2202 8 0 0 0 -39913.000000 
50.722530 700000 1 0 1 0 1 0 0 25 16 0 2240 4 3 0 1 -39939.000000 
50.764439 700000 0 0 0 0 0 0 0 25 16 0 2226 6 3 0 0 -39972.000000 
50.797459 700000 0 0 0 0 0 0 0 25 16 0 2195 0 6 0 0 -39998.000000 
50.830479 700000 0 0 1 0 0 0 0 25 16 1 2229 4 1 0 1 -40024.000000 
50.872391 700000 0 0 0 0 1 0 0 25 16 0 2222 6 6 0 0 -40057.000000 
50.905411 700000 1 0 0 0 1 0 0 25 16 0 2196 4 4 0 0 -40083.000000 
50.939701 700000 0 0 0 0 1 0 0 25 16 0 2209 6 2 1 0 -40110.000000 
50.981609 700000 1 0 0 0 0 0 0 25 16 0 2206 8 3 0 1 -40143.000000 
51.014629 700000 0 0 1 0 1 0 0 25 16 1 2185 8 3 0 0 -40169.000000 
51.047649 700000 0 0 0 0 1 0 0 25 16 0 2234 2 1 0 0 -40195.000000 
51.089561 700000 0 0 0 0 0 0 0 25 16 0 2217 4 1 0 0 -40228.000000 
51.122581 700000 0 0 0 0 1 0 0 25 16 0 2197 6 6 1 1 -40254.000000 
51.155602 700000 0 0 0 0 1 0 0 25 16 0 2219 6 2 1 0 -40280.000000 
51.197510 700000 0 0 0 0 5 0 0 25 16 0 2229 6 2 0 0 -40313.000000 
51.231800 700000 1 0 0 0 1 0 0 25 16 0 2215 6 4 0 0 -40340.000000 
51.264820 700000 0 0 0 0 0 0 0 25 16 0 2245 2 6 0 0 -40366.000000 
51.306732 700000 0 0 0 0 4 0 0 25 16 0 2215 6 1 1 1 -40399.000000 
51.339752 700000 1 0 0 0 0 0 0 25 16 0 2177 6 2 0 0 -40425.000000 
51.372772 700000 0 0 0 0 1 0 0 25 16 0 2205 6 6 0 0 -40451.000000 
51.414680 700000 0 0 0 0 1 0 0 25 16 0 2198 2 4 0 0 -40484.000000 
51.447701 700000 0 0 0 0 3 0 0 25 16 0 2195 2 1 0 0 -40510.000000 
51.481991 700000 1 0 0 0 1 0 0 25 16 0 2216 2 2 0 1 -40537.000000 
51.522629 700000 0 0 0 0 0 0 0 25 16 0 2223 0 2 0 0 -40569.000000 
51.556919 700000 0 0 0 0 0 0 0 25 16 0 2190 0 2 1 0 -40596.000000 
51.589939 700000 0 0 0 0 2 0 0 25 16 0 2216 4 2 0 0 -40622.000000 
51.631851 700000 0 0 0 0 1 0 0 25 16 0 2194 8 2 0 1 -40655.000000 
51.664871 700000 0 0 1 0 0 0 0 25 16 0 2166 2 2 1 0 -40681.000000 
51.697891 700000 0 0 0 0 0 0 0 25 16 0 2182 4 2 1 0 -40707.000000 
51.739799 700000 0 0 0 0 0 0 0 25 16 0 2178 0 2 0 0 -40740.000000 
51.772820 700000 0 0 0 0 1 0 0 25 16 0 2166 6 4 1 1 -40766.000000 
51.807110 700000 1 1 0 0 0 0 0 25 16 0 2225 0 4 0 0 -40793.000000 
51.849022 700000 1 0 1 0 0 0 0 25 16 1 2220 2 1 0 0 -40826.000000 
51.882042 700000 0 0 0 0 2 0 0 25 16 0 2169 4 3 0 0 -40852.000000 
51.915062 700000 0 0 0 0 1 0 0 25 16 0 2223 0 1 1 1 -40878.000000 
51.956970 700000 0 0 0 0 0 0 0 25 16 0 2211 6 2 0 0 -40911.000000 
51.989990 700000 0 0 0 0 0 0 0 25 16 0 2188 4 4 0 0 -40937.000000 
52.023010 700000 1 0 0 0 1 0 0 25 16 0 2212 2 0 0 0 -40963.000000 
52.064919 700000 0 0 0 0 3 0 0 25 16 0 2187 10 1 0 1 -40996.000000 
52.097939 700000 0 0 0 0 1 0 0 25 16 0 2192 4 1 0 0 -41022.000000 
52.132229 700000 2 0 0 0 0 0 0 25 16 0 2194 2 2 0 0 -41049.000000 
52.174141 700000 0 0 0 0 3 0 0 25 16 0 2169 4 1 0 1 -41082.000000 
52.207161 700000 2 0 0 0 1 0 0 25 16 0 2177 4 0 0 0 -41108.000000 
52.240181 700000 0 0 0 0 1 0 0 25 16 0 2190 8 0 0 0 -41134.000000 
52.282089 700000 0 0 0 0 1 0 0 25 16 0 2182 4 1 0 0 -41167.000000 
52.315109 700000 0 0 0 0 1 0 0 25 16 0 2177 8 3 0 1 -41193.000000 
52.349400 700000 0 1 0 0 0 0 0 25 16 0 2236 0 3 0 0 -41220.000000 
52.390041 700000 0 0 0 0 0 0 0 25 16 0 2161 8 5 0 0 -41252.000000 
52.424332 700000 0 0 0 0 5 0 0 25 16 0 2163 4 2 0 1 -41279.000000 
52.457352 700000 0 0 0 0 2 0 0 25 16 0 2205 6 4 0 0 -41305.000000 
52.499260 700000 0 0 0 0 1 0 0 25 16 0 2218 4 3 0 0 -41338.000000 
52.532280 700000 0 0 0 0 1 0 0 25 16 0 2208 6 2 0 1 -41364.000000 
52.565300 700000 0 0 1 0 0 0 0 25 16 1 2226 14 1 0 0 -41390.000000 
52.607212 700000 0 0 0 0 0 0 0 25 16 0 2201 4 1 0 0 -41423.000000 
52.640232 700000 0 0 0 0 1 0 0 25 16 0 2167 2 1 0 0 -41449.000000 
52.674519 700000 0 0 0 0 1 0 0 25 16 0 2223 8 2 0 0 -41476.000000 
52.715160 700000 0 0 0 0 0 0 0 25 16 0 2182 6 3 0 1 -41508.000000 
52.749451 700000 1 0 0 0 2 0 0 25 16 0 2190 2 3 0 0 -41535.000000 
52.782471 700000 0 0 0 0 0 0 0 25 16 0 2219 4 1 0 0 -41561.000000 
52.824379 700000 0 0 0 0 0 0 0 25 16 0 2211 4 3 1 1 -41594.000000 
52.857399 700000 1 0 0 0 1 0 0 25 16 0 2188 2 0 0 0 -41620.000000 
52.890419 700000 0 0 0 0 0 0 0 25 16 0 2205 4 2 1 0 -41646.000000 
52.932331 700000 0 0 1 0 1 0 0 25 16 1 2201 4 3 0 0 -41679.000000 
52.965351 700000 0 0 0 0 0 0 0 25 16 0 2178 0 3 0 1 -41705.000000 
52.999641 700000 0 0 0 0 0 0 0 25 16 0 2214 8 6 0 0 -41732.000000 
53.040279 700000 0 0 1 0 1 0 0 25 16 0 2210 6 2 0 0 -41764.000000 
53.074570 700000 0 0 0 0 1 0 0 25 16 0 2187 0 2 0 1 -41791.000000 
53.107590 700000 0 0 1 0 2 0 0 25 16 0 2222 0 1 0 0 -41817.000000 
53.149502 700000 0 0 0 0 0 0 0 25 16 0 2231 0 1 0 0 -41850.000000 
53.182522 700000 1 0 1 0 0 0 0 25 16 1 2218 2 5 0 1 -41876.000000 
53.215542 700000 0 0 0 0 0 0 0 25 16 0 2218 2 1 0 0 -41902.000000 
53.257450 700000 0 0 0 0 1 0 0 25 16 0 2222 4 1 1 0 -41935.000000 
53.290470 700000 1 0 0 0 1 0 0 25 16 0 2187 4 1 1 1 -41961.000000 
53.324760 700000 0 0 0 0 2 0 0 25 16 0 2221 0 1 1 0 -41988.000000 
53.366669 700000 0 0 0 0 0 0 0 25 16 0 2209 2 3 0 0 -42021.000000 
53.399689 700000 0 0 0 0 1 0 0 25 16 0 2192 2 3 0 0 -42047.000000 
53.432709 700000 0 0 0 0 0 0 0 25 16 0 2213 2 1 0 1 -42073.000000 
53.474621 700000 0 0 0 0 0 0 0 25 16 0 2200 2 3 0 0 -42106.000000 
53.507641 700000 0 0 0 0 0 0 0 25 16 0 2189 6 0 0 0 -42132.000000 
53.540661 700000 1 0 0 0 0 0 0 25 16 0 2223 2 3 0 1 -42158.000000 
53.582569 700000 1 0 1 0 0 0 0 25 16 1 2213 6 3 0 0 -42191.000000 
53.616859 700000 0 0 0 0 0 0 0 25 16 0 2203 10 2 0 0 -42218.000000 
53.649879 700000 0 0 0 0 0 0 0 25 16 0 2222 2 2 0 0 -42244.000000 
53.691792 700000 0 0 1 0 4 0 0 25 16 1 2232 0 3 0 1 -42277.000000 
53.724812 700000 1 0 0 0 1 0 0 25 16 0 2202 6 1 0 0 -42303.000000 
53.757832 700000 0 0 0 0 0 0 0 25 16 0 2230 8 4 0 0 -42329.000000 
53.799740 700000 1 0 0 0 0 0 0 25 16 0 2233 2 0 0 0 -42362.000000 
53.832760 700000 0 0 1 0 1 0 0 25 16 1 2235 4 3 1 1 -42388.000000 
53.867050 700000 2 0 1 0 2 0 0 25 16 1 2242 4 4 0 0 -42415.000000 
53.907692 700000 0 0 0 0 2 0 0 25 16 0 2239 2 1 1 0 -42447.000000 
53.941978 700000 0 0 0 0 2 0 0 25 16 0 2206 4 2 0 0 -42474.000000 
53.974998 700000 0 0 0 0 1 0 0 25 16 0 2226 8 4 0 0 -42500.000000 
54.016911 700000 0 0 2 0 0 0 0 25 16 2 2230 4 4 0 1 -42533.000000 
54.049931 700000 2 0 0 0 2 0 0 25 16 0 2211 0 3 0 0 -42559.000000 
54.082951 700000 0 0 0 0 2 0 0 25 16 0 2244 8 1 0 0 -42585.000000 
54.124859 700000 0 0 0 0 1 0 0 25 16 0 2218 6 6 0 0 -42618.000000 
54.157879 700000 0 0 0 0 1 0 0 25 16 0 2194 2 1 0 1 -42644.000000 
54.192169 700000 1 0 1 0 2 0 0 25 16 0 2197 0 3 0 0 -42671.000000 
54.234081 700000 0 0 0 0 1 0 0 25 16 0 2186 4 4 0 0 -42704.000000 
54.267101 700000 0 0 0 0 1 0 0 25 16 0 2178 6 0 0 1 -42730.000000 
54.300121 700000 0 0 0 0 1 0 0 25 16 0 2228 8 2 0 0 -42756.000000 
54.342030 700000 1 0 3 0 1 0 0 25 16 1 2204 2 0 0 0 -42789.000000 
54.375050 700000 0 0 0 0 0 0 0 25 16 0 2186 8 1 0 0 -42815.000000 
54.408070 700000 0 0 0 0 0 0 0 25 16 0 2231 6 4 0 1 -42841.000000 
54.449982 700000 0 0 1 0 1 0 0 25 16 0 2207 2 3 0 0 -42874.000000 
54.484272 700000 0 0 0 0 0 0 0 25 16 0 2212 2 1 0 0 -42901.000000 
54.517292 700000 1 0 1 0 0 0 0 25 16 0 2232 6 3 0 0 -42927.000000 
54.559200 700000 1 0 1 0 2 0 0 25 16 1 2224 4 3 0 0 -42960.000000 
54.592220 700000 0 0 0 0 1 0 0 25 16 0 2199 0 4 0 1 -42986.000000 
54.625240 700000 1 0 0 0 0 0 0 25 16 0 2209 4 5 0 0 -43012.000000 
54.667149 700000 0 0 0 0 1 0 0 25 16 0 2223 0 6 0 0 -43045.000000 
54.700169 700000 0 0 0 0 0 0 0 25 16 0 2204 0 2 0 1 -43071.000000 
54.734459 700000 0 1 0 0 0 0 0 25 16 0 2218 2 3 0 0 -43098.000000 
54.775101 700000 0 0 0 0 0 0 0 25 16 0 2195 4 2 0 0 -43130.000000 
54.809391 700000 1 0 1 0 3 0 0 25 16 0 2178 6 3 0 1 -43157.000000 
54.842411 700000 1 0 0 0 0 0 0 25 16 0 2219 0 2 0 0 -43183.000000 
54.884319 700000 1 0 0 0 1 0 0 25 16 0 2171 2 4 0 0 -43216.000000 
54.917339 700000 0 0 0 0 1 0 0 25 16 0 2177 0 1 0 1 -43242.000000 
54.950359 700000 0 0 0 0 1 0 0 25 16 0 2208 0 5 1 0 -43268.000000 
54.992271 700000 0 0 0 0 2 0 0 25 16 0 2189 6 1 0 0 -43301.000000 
55.025291 700000 0 0 0 0 1 0 0 25 16 0 2193 0 4 0 1 -43327.000000 
55.059582 700000 0 0 0 0 1 0 0 25 16 0 2224 10 3 0 0 -43354.000000 
55.101490 700000 0 0 0 0 0 0 0 25 16 0 2255 4 0 1 0 -43387.000000 
55.134510 700000 0 0 0 0 1 0 0 25 16 0 2205 4 0 1 0 -43413.000000 
55.167530 700000 0 0 0 0 1 0 0 25 16 0 2246 4 2 0 1 -43439.000000 
55.209442 700000 0 0 0 0 3 0 0 25 16 0 2233 8 1 0 0 -43472.000000 
55.242462 700000 0 0 0 0 1 0 0 25 16 0 2191 2 2 0 0 -43498.000000 
55.275482 700000 1 0 0 0 1 0 0 25 16 0 2247 6 2 1 1 -43524.000000 
55.317390 700000 1 0 0 0 1 0 0 25 16 0 2228 0 1 0 0 -43557.000000 
55.351681 700000 1 0 0 0 0 0 0 25 16 0 2198 2 2 0 0 -43584.000000 
55.384701 700000 0 1 0 0 0 0 0 25 16 0 2209 2 4 0 1 -43610.000000 
55.426609 700000 0 0 0 0 1 0 0 25 16 0 2202 0 3 0 0 -43643.000000 
55.459629 700000 1 0 0 0 4 0 0 25 16 0 2199 6 4 0 0 -43669.000000 
55.492649 700000 0 0 0 0 0 0 0 25 16 0 2224 4 1 0 0 -43695.000000 
55.534561 700000 0 0 0 0 0 0 0 25 16 0 2239 2 6 0 0 -43728.000000 
55.567581 700000 0 0 0 0 1 0 0 25 16 0 2216 0 1 0 1 -43754.000000 
55.601871 700000 1 0 1 0 0 0 0 25 16 1 2215 0 2 0 0 -43781.000000 
55.642509 700000 0 0 0 0 0 0 0 25 16 0 2197 2 2 0 0 -43813.000000 
55.676800 700000 0 0 0 0 0 0 0 25 16 0 2211 2 2 0 1 -43840.000000 
55.709820 700000 1 0 0 0 1 0 0 25 16 0 2202 4 1 0 0 -43866.000000 
55.751732 700000 0 0 0 0 0 0 0 25 16 0 2242 4 2 0 0 -43899.000000 
55.784752 700000 0 0 0 0 2 0 0 25 16 0 2222 10 3 1 0 -43925.000000 
55.817772 700000 1 0 0 0 1 0 0 25 16 0 2237 6 2 0 1 -43951.000000 
55.859680 700000 0 0 1 0 0 0 0 25 16 0 2228 4 4 1 0 -43984.000000 
55.892700 700000 0 0 0 0 0 0 0 25 16 0 2173 2 5 1 0 -44010.000000 
55.926991 700000 1 0 0 0 0 0 0 25 16 0 2223 4 2 0 0 -44037.000000 
55.968899 700000 0 0 0 0 2 0 0 25 16 0 2216 0 3 0 1 -44070.000000 
56.001919 700000 1 0 0 0 0 0 0 25 16 0 2188 6 2 0 0 -44096.000000 
56.034939 700000 0 0 1 0 2 0 0 25 16 0 2215 2 4 0 0 -44122.000000 
56.076851 700000 0 0 0 0 2 0 0 25 16 0 2181 4 0 0 0 -44155.000000 
56.109871 700000 0 0 0 0 0 0 0 25 16 0 2179 0 2 0 0 -44181.000000 
56.142891 700000 0 0 0 0 1 0 0 25 16 0 2198 4 2 0 1 -44207.000000 
56.184799 700000 1 0 0 0 1 0 0 25 16 0 2191 2 4 0 0 -44240.000000 
56.219090 700000 0 0 0 0 0 0 0 25 16 0 2190 2 2 0 0 -44267.000000 
56.252110 700000 1 0 0 0 1 0 0 25 16 0 2210 4 0 0 1 -44293.000000 
56.292751 700000 0 0 0 0 0 0 0 25 16 0 2214 4 2 0 0 -44325.000000 
56.327042 700000 0 0 1 0 0 0 0 25 16 1 2208 0 1 0 0 -44352.000000 
56.360062 700000 0 0 0 0 1 0 0 25 16 0 2207 4 2 1 0 -44378.000000 
56.401970 700000 0 0 1 0 0 0 0 25 16 1 2213 2 0 0 1 -44411.000000 
56.434990 700000 0 0 0 0 0 0 0 25 16 0 2200 0 2 0 0 -44437.000000 
56.469280 700000 0 0 0 0 1 0 0 25 16 0 2244 2 3 0 0 -44464.000000 
56.509922 700000 0 0 0 0 0 0 0 25 16 0 2214 0 1 0 0 -44496.000000 
56.542942 700000 0 0 0 0 0 0 0 25 16 0 2214 2 3 0 1 -44522.000000 
56.577229 700000 0 0 0 0 0 0 0 25 16 0 2202 0 3 0 0 -44549.000000 
56.619141 700000 0 0 0 0 0 0 0 25 16 0 2212 8 1 0 0 -44582.000000 
56.652161 700000 0 0 1 0 1 0 0 25 16 1 2213 6 5 0 0 -44608.000000 
56.685181 700000 0 0 0 0 0 0 0 25 16 0 2213 6 1 1 1 -44634.000000 
56.727089 700000 1 1 0 0 1 0 0 25 16 0 2196 2 2 0 0 -44667.000000 
56.760109 700000 0 0 0 0 0 0 0 25 16 0 2187 6 2 0 0 -44693.000000 
56.793129 700000 0 0 0 0 1 0 0 25 16 0 2190 2 2 0 0 -44719.000000 
56.836311 700000 0 0 1 0 2 0 0 25 16 1 2190 6 3 0 1 -44753.000000 
56.869331 700000 0 0 0 0 1 0 0 25 16 0 2184 2 5 0 0 -44779.000000 
56.902351 700000 0 0 0 0 6 0 0 25 16 0 2218 4 1 0 0 -44805.000000 
56.944260 700000 0 0 0 0 0 0 0 25 16 0 2182 4 1 0 0 -44838.000000 
56.977280 700000 0 0 0 0 1 0 0 25 16 0 2180 4 0 0 1 -44864.000000 
57.010300 700000 1 0 1 0 0 0 0 25 16 1 2207 6 3 0 0 -44890.000000 
57.052212 700000 0 0 0 0 1 0 0 25 16 0 2214 2 3 0 0 -44923.000000 
57.086502 700000 1 0 0 0 0 0 0 25 16 0 2193 4 2 0 1 -44950.000000 
57.119522 700000 0 0 0 0 2 0 0 25 16 0 2201 4 2 0 0 -44976.000000 
57.160160 700000 0 0 0 0 0 0 0 25 16 0 2230 2 2 0 0 -45008.000000 
57.194450 700000 1 0 0 0 2 0 0 25 16 0 2206 4 2 0 0 -45035.000000 
57.227470 700000 0 0 0 0 0 0 0 25 16 0 2212 10 2 1 1 -45061.000000 
57.269379 700000 0 0 0 0 0 0 0 25 16 0 2214 0 2 0 0 -45094.000000 
57.302399 700000 0 0 1 0 3 0 0 25 16 0 2187 2 3 0 0 -45120.000000 
57.336689 700000 0 0 0 0 0 0 0 25 16 0 2214 8 0 0 1 -45147.000000 
57.377331 700000 0 0 0 0 1 0 0 25 16 0 2197 0 2 0 0 -45179.000000 
57.410351 700000 0 0 0 0 1 0 0 25 16 0 2175 4 0 0 1 -45205.000000 
57.444641 700000 1 0 0 0 1 0 0 25 16 0 2204 2 2 0 0 -45232.000000 
57.486549 700000 1 0 0 0 0 0 0 25 16 0 2195 4 2 0 0 -45265.000000 
57.519569 700000 0 0 0 0 0 0 0 25 16 0 2183 2 3 0 1 -45291.000000 
57.552589 700000 0 0 0 0 3 0 0 25 16 0 2190 2 3 0 0 -45317.000000 
57.594501 700000 0 0 0 0 0 0 0 25 16 0 2177 0 3 0 0 -45350.000000 
57.627522 700000 0 0 0 0 0 0 0 25 16 0 2197 4 2 0 1 -45376.000000 
57.660542 700000 0 0 0 0 0 0 0 25 16 0 2197 0 4 0 0 -45402.000000 
57.702450 700000 0 0 1 0 0 0 0 25 16 1 2240 4 1 0 0 -45435.000000 
57.736740 700000 0 0 0 0 2 0 0 25 16 0 2230 0 0 0 1 -45462.000000 
57.769760 700000 0 0 0 0 0 0 0 25 16 0 2229 4 2 0 0 -45488.000000 
57.811672 700000 0 0 1 0 2 0 0 25 16 1 2260 0 3 2 0 -45521.000000 
57.844692 700000 1 0 0 0 0 0 0 25 16 0 2223 4 2 0 1 -45547.000000 
57.877712 700000 2 0 2 0 1 0 0 25 16 1 2186 4 1 0 0 -45573.000000 
57.919621 700000 0 0 0 0 2 0 0 25 16 0 2207 2 2 1 0 -45606.000000 
57.953911 700000 1 0 0 0 3 0 0 25 16 0 2188 2 4 0 1 -45633.000000 
57.986931 700000 0 0 0 0 3 0 0 25 16 0 2178 4 4 0 0 -45659.000000 
