t1520_01         	 01 1 01 01 00 03 00 -1000.0   1.5   1.3    60.6   485.3 -2550.0 -2500.0
t1520_02         	 01 1 01 01 00 03 01 -1000.0   1.5   1.3    60.6   485.3 -2550.0 -2500.0
t1520_03         	 01 1 01 01 00 03 02 -1000.0   1.5   1.3    60.6   485.3 -2550.0 -2500.0
t1520_04         	 01 1 01 01 00 03 03 -1000.0   1.5   1.3    60.6   485.3 -2550.0 -2500.0
t1520_05         	 01 1 01 01 00 03 04 -1000.0   1.5   1.3    60.6   485.3 -2550.0 -2500.0
t1520_06         	 01 1 01 01 00 03 05 -1000.0   1.5   1.3    60.6   485.3 -2550.0 -2500.0
t1520_07         	 01 1 01 01 00 03 06 -1000.0   1.5   1.3    60.6   485.3 -2550.0 -2500.0
t1520_08         	 01 1 01 01 00 03 07 -1000.0   1.5   1.3    60.6   485.3 -2550.0 -2500.0
t1520_09         	 01 1 01 01 00 03 08 -1000.0   1.5   1.3    60.6   485.3 -2550.0 -2500.0
t1520_10         	 01 1 01 01 00 03 09 -1000.0   1.5   1.3    60.6   485.3 -2550.0 -2500.0
t1520_11         	 01 1 01 01 00 03 10 -1000.0   1.5   1.3    60.6   485.3 -2550.0 -2500.0
t1520_12         	 01 1 01 01 00 03 11 -1000.0   1.5   1.3    60.6   485.3 -2550.0 -2500.0
pcal_01         	 01 1 01 03 00 03 01 -1000.0   1.5   1.3    60.6   485.3 -2550.0 -2500.0
pcal_02         	 01 1 01 03 00 03 02 -1000.0   1.5   1.3    60.6   485.3 -2550.0 -2500.0
pcal_03         	 01 1 01 03 00 03 03 -1000.0   1.5   1.3    60.6   485.3 -2550.0 -2500.0
pcal_04         	 01 1 01 03 00 03 04 -1000.0   1.5   1.3    60.6   485.3 -2550.0 -2500.0
pcal_05         	 01 1 01 03 00 03 05 -1000.0   1.5   1.3    60.6   485.3 -2550.0 -2500.0
pcal_06         	 01 1 01 03 00 03 06 -1000.0   1.5   1.3    60.6   485.3 -2550.0 -2500.0
pcal_07         	 01 1 01 03 00 03 07 -1000.0   1.5   1.3    60.6   485.3 -2550.0 -2500.0
pcal_08         	 01 1 01 03 00 03 08 -1000.0   1.5   1.3    60.6   485.3 -2550.0 -2500.0
pcal_09         	 01 1 01 03 00 03 09 -1000.0   1.5   1.3    60.6   485.3 -2550.0 -2500.0
pcal_10         	 01 1 01 03 00 03 10 -1000.0   1.5   1.3    60.6   485.3 -2550.0 -2500.0
pcal_11         	 01 1 01 03 00 03 11 -1000.0   1.5   1.3    60.6   485.3 -2550.0 -2500.0
pcal_12         	 01 1 01 03 00 03 12 -1000.0   1.5   1.3    60.6   485.3 -2550.0 -2500.0
pcal_13         	 01 1 01 03 00 03 13 -1000.0   1.5   1.3    60.6   485.3 -2550.0 -2500.0
pcal_14         	 01 1 01 03 00 03 14 -1000.0   1.5   1.3    60.6   485.3 -2550.0 -2500.0
pcal_15         	 01 1 01 03 00 03 15 -1000.0   1.5   1.3    60.6   485.3 -2550.0 -2500.0
pcal_16         	 01 1 01 03 00 03 16 -1000.0   1.5   1.3    60.6   485.3 -2550.0 -2500.0
pcal_17         	 01 1 01 03 00 03 17 -1000.0   1.5   1.3    60.6   485.3 -2550.0 -2500.0
pcal_18         	 01 1 01 03 00 03 18 -1000.0   1.5   1.3    60.6   485.3 -2550.0 -2500.0
pcal_19         	 01 1 01 03 00 03 19 -1000.0   1.5   1.3    60.6   485.3 -2550.0 -2500.0
pcal_20         	 01 1 01 03 00 03 20 -1000.0   1.5   1.3    60.6   485.3 -2550.0 -2500.0
pcal_21         	 01 1 01 03 00 03 21 -1000.0   1.5   1.3    60.6   485.3 -2550.0 -2500.0
pcal_22         	 01 1 01 03 00 03 22 -1000.0   1.5   1.3    60.6   485.3 -2550.0 -2500.0
pcal_23         	 01 1 01 03 00 03 23 -1000.0   1.5   1.3    60.6   485.3 -2550.0 -2500.0
pcal_24         	 01 1 01 03 00 03 24 -1000.0   1.5   1.3    60.6   485.3 -2550.0 -2500.0
pcal_25         	 01 1 01 03 00 03 25 -1000.0   1.5   1.3    60.6   485.3 -2550.0 -2500.0
pcal_26         	 01 1 01 03 00 03 26 -1000.0   1.5   1.3    60.6   485.3 -2550.0 -2500.0
pcal_27         	 01 1 01 03 00 03 27 -1000.0   1.5   1.3    60.6   485.3 -2550.0 -2500.0
pcal_28         	 01 1 01 03 00 03 28 -1000.0   1.5   1.3    60.6   485.3 -2550.0 -2500.0
pcal_29         	 01 1 01 03 00 03 29 -1000.0   1.5   1.3    60.6   485.3 -2550.0 -2500.0
pcal_30         	 01 1 01 03 00 03 30 -1000.0   1.5   1.3    60.6   485.3 -2550.0 -2500.0
pcal_31         	 01 1 01 03 00 03 31 -1000.0   1.5   1.3    60.6   485.3 -2550.0 -2500.0
pcal_32         	 01 1 01 03 00 03 32 -1000.0   1.5   1.3    60.6   485.3 -2550.0 -2500.0
pcal_33         	 01 1 01 03 00 03 33 -1000.0   1.5   1.3    60.6   485.3 -2550.0 -2500.0
pcal_34         	 01 1 01 03 00 03 34 -1000.0   1.5   1.3    60.6   485.3 -2550.0 -2500.0
pcal_35         	 01 1 01 03 00 03 35 -1000.0   1.5   1.3    60.6   485.3 -2550.0 -2500.0
pcal_36         	 01 1 01 03 00 03 36 -1000.0   1.5   1.3    60.6   485.3 -2550.0 -2500.0
pcal_37         	 01 1 01 03 00 03 37 -1000.0   1.5   1.3    60.6   485.3 -2550.0 -2500.0
pcal_38         	 01 1 01 03 00 03 38 -1000.0   1.5   1.3    60.6   485.3 -2550.0 -2500.0
pcal_39         	 01 1 01 03 00 03 39 -1000.0   1.5   1.3    60.6   485.3 -2550.0 -2500.0
pcal_40         	 01 1 01 03 00 03 40 -1000.0   1.5   1.3    60.6   485.3 -2550.0 -2500.0
pcal_41         	 01 1 01 03 00 03 41 -1000.0   1.5   1.3    60.6   485.3 -2550.0 -2500.0
pcal_42         	 01 1 01 03 00 03 42 -1000.0   1.5   1.3    60.6   485.3 -2550.0 -2500.0
pcal_43         	 01 1 01 03 00 03 43 -1000.0   1.5   1.3    60.6   485.3 -2550.0 -2500.0
pcal_44         	 01 1 01 03 00 03 44 -1000.0   1.5   1.3    60.6   485.3 -2550.0 -2500.0
pcal_45         	 01 1 01 03 00 03 45 -1000.0   1.5   1.3    60.6   485.3 -2550.0 -2500.0
pcal_46         	 01 1 01 03 00 03 46 -1000.0   1.5   1.3    60.6   485.3 -2550.0 -2500.0
pcal_47         	 01 1 01 03 00 03 47 -1000.0   1.5   1.3    60.6   485.3 -2550.0 -2500.0
pcal_48         	 01 1 01 03 00 03 48 -1000.0   1.5   1.3    60.6   485.3 -2550.0 -2500.0
EC_S7_UI01           06 1  01 07 00 03 00 -2200.0   1.5   1.3   121.5   486.0 -2550.0 -2500.0
EC_S7_UI02           06 1  01 07 00 03 01 -2450.0   1.5   1.3   121.1   484.6 -2550.0 -2500.0
EC_S7_UI03           06 1  01 07 00 03 02 -2796.0   1.5   1.3   121.4   485.9 -2550.0 -2500.0
EC_S7_UI04           06 1  01 07 00 03 03 -2214.0   1.5   1.3   121.7   487.0 -2550.0 -2500.0
EC_S7_UI05           06 1  01 07 00 03 04 -2471.0   1.5   1.3   120.6   482.7 -2550.0 -2500.0
EC_S7_UI06           06 1  01 07 00 03 05 -2325.0   1.5   1.3   121.6   486.4 -2550.0 -2500.0
EC_S7_UI07           06 1  01 07 00 03 06 -2383.0   1.5   1.3   121.9   487.6 -2550.0 -2500.0
EC_S7_UI08           06 1  01 07 00 03 07 -2477.0   1.5   1.3   121.8   487.3 -2550.0 -2500.0
EC_S7_UI09           06 1  01 07 00 03 08 -2169.0   1.5   1.3   122.3   489.4 -2550.0 -2500.0
EC_S7_UI10           06 1  01 07 00 03 09 -2389.0   1.5   1.3   121.0   484.0 -2550.0 -2500.0
EC_S7_UI11           06 1  01 07 00 03 10 -2365.0   1.5   1.3   122.3   489.4 -2550.0 -2500.0
EC_S7_UI12           06 1  01 07 00 03 11 -2105.0   1.5   1.3   121.8   487.4 -2550.0 -2500.0
EC_S7_UI13           06 1  01 07 00 03 12 -2419.0   1.5   1.3   486.6   486.6 -2550.0 -2500.0
EC_S7_UI14           06 1  01 07 00 03 13 -2334.0   1.5   1.3   488.6   488.6 -2550.0 -2500.0
EC_S7_UI15           06 1  01 07 00 03 14 -2223.0   1.5   1.3   486.8   486.8 -2550.0 -2500.0
EC_S7_UI16           06 1  01 07 00 03 15 -2310.0   1.5   1.3   486.1   486.1 -2550.0 -2500.0
EC_S7_UI17           06 1  01 07 00 03 16 -2250.0   1.5   1.3   485.5   485.5 -2550.0 -2500.0
EC_S7_UI18           06 1  01 07 00 03 17 -2260.0   1.5   1.3   487.3   487.3 -2550.0 -2500.0
EC_S7_UI19           06 1  01 07 00 03 18 -2266.0   1.5   1.3   487.5   487.5 -2550.0 -2500.0
EC_S7_UI20           06 1  01 07 00 03 19 -2071.0   1.5   1.3   488.0   488.0 -2550.0 -2500.0
EC_S7_UI21           06 1  01 07 00 03 20 -2118.0   1.5   1.3   488.2   488.2 -2550.0 -2500.0
EC_S7_UI22           06 1  01 07 00 03 21 -2434.0   1.5   1.3   488.0   488.0 -2550.0 -2500.0
EC_S7_UI23           06 1  01 07 00 03 22 -2252.0   1.5   1.3   489.9   489.9 -2550.0 -2500.0
EC_S7_UI24           06 1  01 07 00 03 23 -2380.0   1.5   1.3   486.5   486.5 -2550.0 -2500.0
EC_S7_UI25           06 1  01 07 01 03 00 -2374.0   1.5   1.3   486.4   486.4 -2550.0 -2500.0
EC_S7_UI26           06 1  01 07 01 03 01 -2087.0   1.5   1.3   488.1   488.1 -2550.0 -2500.0
EC_S7_UI27           06 1  01 07 01 03 02 -1708.0   1.5   1.3   487.3   487.3 -2550.0 -2500.0
EC_S7_UI28           06 1  01 07 01 03 03 -1861.0   1.5   1.3   486.5   486.5 -2550.0 -2500.0
EC_S7_UI29           06 1  01 07 01 03 04 -1792.0   1.5   1.3   486.5   486.5 -2550.0 -2500.0
EC_S7_UI30           06 1  01 07 01 03 05 -1877.0   1.5   1.3   486.9   486.9 -2550.0 -2500.0
EC_S7_UI31           06 1  01 07 01 03 06 -1730.0   1.5   1.3   486.5   486.5 -2550.0 -2500.0
EC_S7_UI32           06 1  01 07 01 03 07 -1768.0   1.5   1.3   488.8   488.8 -2550.0 -2500.0
EC_S7_UI33           06 1  01 07 01 03 08 -1671.0   1.5   1.3   487.3   487.3 -2550.0 -2500.0
EC_S7_UI34           06 1  01 07 01 03 09 -1724.0   1.5   1.3   487.8   487.8 -2550.0 -2500.0
EC_S7_UI35           06 1  01 07 01 03 10 -1753.0   1.5   1.3   488.3   488.3 -2550.0 -2500.0
EC_S7_UI36           06 1  01 07 01 03 11 -1811.0   1.5   1.3   487.6   487.6 -2550.0 -2500.0
EC_S7_VI01           06 1  01 07 01 03 12 -1800.0   1.5   1.3   488.8   488.8 -2550.0 -2500.0
EC_S7_VI02           06 1  01 07 01 03 13 -1786.0   1.5   1.3   488.2   488.2 -2550.0 -2500.0
EC_S7_VI03           06 1  01 07 01 03 14 -1747.0   1.5   1.3   492.6   492.6 -2550.0 -2500.0
EC_S7_VI04           06 1  01 07 01 03 15 -1699.0   1.5   1.3   489.2   489.2 -2550.0 -2500.0
EC_S7_VI05           06 1  01 07 01 03 16 -1769.0   1.5   1.3   489.8   489.8 -2550.0 -2500.0
EC_S7_VI06           06 1  01 07 01 03 17 -1710.0   1.5   1.3   488.0   488.0 -2550.0 -2500.0
EC_S7_VI07           06 1  01 07 01 03 18 -1817.0   1.5   1.3   489.5   489.5 -2550.0 -2500.0
EC_S7_VI08           06 1  01 07 01 03 19 -1706.0   1.5   1.3   489.1   489.1 -2550.0 -2500.0
EC_S7_VI09           06 1  01 07 01 03 20 -1679.0   1.5   1.3   489.9   489.9 -2550.0 -2500.0
EC_S7_VI10           06 1  01 07 01 03 21 -1713.0   1.5   1.3   489.5   489.5 -2550.0 -2500.0
EC_S7_VI11           06 1  01 07 01 03 22 -1734.0   1.5   1.3   488.8   488.8 -2550.0 -2500.0
EC_S7_VI12           06 1  01 07 01 03 23 -1647.0   1.5   1.3   490.0   490.0 -2550.0 -2500.0
EC_S7_VI13           06 1  01 07 02 03 00 -1518.0   1.5   1.3   490.9   490.9 -2550.0 -2500.0
EC_S7_VI14           06 1  01 07 02 03 01 -1444.0   1.5   1.3   489.6   489.6 -2550.0 -2500.0
EC_S7_VI15           06 1  01 07 02 03 02 -1682.0   1.5   1.3   483.5   483.5 -2550.0 -2500.0
EC_S7_VI16           06 1  01 07 02 03 03 -1667.0   1.5   1.3   485.2   485.2 -2550.0 -2500.0
EC_S7_VI17           06 1  01 07 02 03 04 -1499.0   1.5   1.3   489.2   489.2 -2550.0 -2500.0
EC_S7_VI18           06 1  01 07 02 03 05 -1728.0   1.5   1.3   484.2   484.2 -2550.0 -2500.0
EC_S7_VI19           06 1  01 07 02 03 06 -1673.0   1.5   1.3   493.2   493.2 -2550.0 -2500.0
EC_S7_VI20           06 1  01 07 02 03 07 -1734.0   1.5   1.3   483.7   483.7 -2550.0 -2500.0
EC_S7_VI21           06 1  01 07 02 03 08 -1724.0   1.5   1.3   487.2   487.2 -2550.0 -2500.0
EC_S7_VI22           06 1  01 07 02 03 09 -1689.0   1.5   1.3   492.3   492.3 -2550.0 -2500.0
EC_S7_VI23           06 1  01 07 02 03 10 -1663.0   1.5   1.3   481.8   481.8 -2550.0 -2500.0
EC_S7_VI24           06 1  01 07 02 03 11 -1749.0   1.5   1.3   500.2   500.2 -2550.0 -2500.0
EC_S7_VI25           06 1  01 07 02 03 12 -1726.0   1.5   1.3   494.0   494.0 -2550.0 -2500.0
EC_S7_VI26           06 1  01 07 02 03 13 -1728.0   1.5   1.3   488.3   488.3 -2550.0 -2500.0
EC_S7_VI27           06 1  01 07 02 03 14 -1759.0   1.5   1.3   488.6   488.6 -2550.0 -2500.0
EC_S7_VI28           06 1  01 07 02 03 15 -1678.0   1.5   1.3   489.1   489.1 -2550.0 -2500.0
EC_S7_VI29           06 1  01 07 02 03 16 -1702.0   1.5   1.3   488.7   488.7 -2550.0 -2500.0
EC_S7_VI30           06 1  01 07 02 03 17 -1763.0   1.5   1.3   489.8   489.8 -2550.0 -2500.0
EC_S7_VI31           06 1  01 07 02 03 18 -1745.0   1.5   1.3   488.9   488.9 -2550.0 -2500.0
EC_S7_VI32           06 1  01 07 02 03 19 -1732.0   1.5   1.3   489.1   489.1 -2550.0 -2500.0
EC_S7_VI33           06 1  01 07 02 03 20 -1724.0   1.5   1.3   489.0   489.0 -2550.0 -2500.0
EC_S7_VI34           06 1  01 07 02 03 21 -1774.0   1.5   1.3   491.8   491.8 -2550.0 -2500.0
EC_S7_VI35           06 1  01 07 02 03 22 -1867.0   1.5   1.3   487.9   487.9 -2550.0 -2500.0
EC_S7_VI36           06 1  01 07 02 03 23 -1832.0   1.5   1.3   489.3   489.3 -2550.0 -2500.0
EC_S7_WI01           06 1  01 07 03 03 00 -2504.0   1.5   1.3   488.4   488.4 -2550.0 -2500.0
EC_S7_WI02           06 1  01 07 03 03 01 -2300.0   1.5   1.3   488.0   488.0 -2550.0 -2500.0
EC_S7_WI03           06 1  01 07 03 03 02 -2205.0   1.5   1.3   488.4   488.4 -2550.0 -2500.0
EC_S7_WI04           06 1  01 07 03 03 03 -2507.0   1.5   1.3   488.4   488.4 -2550.0 -2500.0
EC_S7_WI05           06 1  01 07 03 03 04 -2435.0   1.5   1.3   489.5   489.5 -2550.0 -2500.0
EC_S7_WI06           06 1  01 07 03 03 05 -2422.0   1.5   1.3   488.2   488.2 -2550.0 -2500.0
EC_S7_WI07           06 1  01 07 03 03 06 -2290.0   1.5   1.3   487.4   487.4 -2550.0 -2500.0
EC_S7_WI08           06 1  01 07 03 03 07 -2405.0   1.5   1.3   488.0   488.0 -2550.0 -2500.0
EC_S7_WI09           06 1  01 07 03 03 08 -2379.0   1.5   1.3   488.1   488.1 -2550.0 -2500.0
EC_S7_WI10           06 1  01 07 03 03 09 -2352.0   1.5   1.3   487.3   487.3 -2550.0 -2500.0
EC_S7_WI11           06 1  01 07 03 03 10 -2341.0   1.5   1.3   488.1   488.1 -2550.0 -2500.0
EC_S7_WI12           06 1  01 07 03 03 11 -2270.0   1.5   1.3   486.9   486.9 -2550.0 -2500.0
EC_S7_WI13           06 1  01 07 03 03 12 -2078.0   1.5   1.3   490.5   490.5 -2550.0 -2500.0
EC_S7_WI14           06 1  01 07 03 03 13 -2573.0   1.5   1.3   489.6   489.6 -2550.0 -2500.0
EC_S7_WI15           06 1  01 07 03 03 14 -2596.0   1.5   1.3   490.9   490.9 -2550.0 -2500.0
EC_S7_WI16           06 1  01 07 03 03 15 -1690.0   1.5   1.3   493.9   493.9 -2550.0 -2500.0
EC_S7_WI17           06 1  01 07 03 03 16 -2191.0   1.5   1.3   489.8   489.8 -2550.0 -2500.0
EC_S7_WI18           06 1  01 07 03 03 17 -2384.0   1.5   1.3   487.9   487.9 -2550.0 -2500.0
EC_S7_WI19           06 1  01 07 03 03 18 -2442.0   1.5   1.3   490.2   490.2 -2550.0 -2500.0
EC_S7_WI20           06 1  01 07 03 03 19 -2252.0   1.5   1.3   489.2   489.2 -2550.0 -2500.0
EC_S7_WI21           06 1  01 07 03 03 20 -2342.0   1.5   1.3   489.6   489.6 -2550.0 -2500.0
EC_S7_WI22           06 1  01 07 03 03 21 -2349.0   1.5   1.3   489.6   489.6 -2550.0 -2500.0
EC_S7_WI23           06 1  01 07 03 03 22 -2408.0   1.5   1.3   489.3   489.3 -2550.0 -2500.0
EC_S7_WI24           06 1  01 07 03 03 23 -2569.0   1.5   1.3   488.6   488.6 -2550.0 -2500.0
EC_S7_WI25           06 1  01 07 04 03 00 -2459.0   1.5   1.3   483.0   483.0 -2550.0 -2500.0
EC_S7_WI26           06 1  01 07 04 03 01 -2422.0   1.5   1.3   494.6   494.6 -2550.0 -2500.0
EC_S7_WI27           06 1  01 07 04 03 02 -2314.0   1.5   1.3   487.7   487.7 -2550.0 -2500.0
EC_S7_WI28           06 1  01 07 04 03 03 -2298.0   1.5   1.3   485.8   485.8 -2550.0 -2500.0
EC_S7_WI29           06 1  01 07 04 03 04 -2186.0   1.5   1.3   487.3   487.3 -2550.0 -2500.0
EC_S7_WI30           06 1  01 07 04 03 05 -2028.0   1.5   1.3   494.3   494.3 -2550.0 -2500.0
EC_S7_WI31           06 1  01 07 04 03 06 -2094.0   1.5   1.3   486.6   486.6 -2550.0 -2500.0
EC_S7_WI32           06 1  01 07 04 03 07 -2252.0   1.5   1.3   483.1   483.1 -2550.0 -2500.0
EC_S7_WI33           06 1  01 07 04 03 08 -2236.0   1.5   1.3   486.1   486.1 -2550.0 -2500.0
EC_S7_WI34           06 1  01 07 04 03 09 -2343.0   1.5   1.3   490.3   490.3 -2550.0 -2500.0
EC_S7_WI35           06 1  01 07 04 03 10 -2399.0   1.5   1.3   488.2   488.2 -2550.0 -2500.0
EC_S7_WI36           06 1  01 07 04 03 11 -2331.0   1.5   1.3   490.6   490.6 -2550.0 -2500.0
EC_S7_UO01           06 1  01 07 04 03 12 -2487.0   1.5   1.3   485.5   485.5 -2550.0 -2500.0
EC_S7_UO02           06 1  01 07 04 03 13 -2240.0   1.5   1.3   487.6   487.6 -2550.0 -2500.0
EC_S7_UO03           06 1  01 07 04 03 14 -2350.0   1.5   1.3   485.7   485.7 -2550.0 -2500.0
EC_S7_UO04           06 1  01 07 04 03 15 -2252.0   1.5   1.3   484.6   484.6 -2550.0 -2500.0
EC_S7_UO05           06 1  01 07 04 03 16 -2534.0   1.5   1.3   488.5   488.5 -2550.0 -2500.0
EC_S7_UO06           06 1  01 07 04 03 17 -2184.0   1.5   1.3   488.6   488.6 -2550.0 -2500.0
EC_S7_UO07           06 1  01 07 04 03 18 -2213.0   1.5   1.3   486.4   486.4 -2550.0 -2500.0
EC_S7_UO08           06 1  01 07 04 03 19 -2450.0   1.5   1.3   490.7   490.7 -2550.0 -2500.0
EC_S7_UO09           06 1  01 07 04 03 20 -2340.0   1.5   1.3   486.2   486.2 -2550.0 -2500.0
EC_S7_UO10           06 1  01 07 04 03 21 -2234.0   1.5   1.3   486.9   486.9 -2550.0 -2500.0
EC_S7_UO11           06 1  01 07 04 03 22 -2356.0   1.5   1.3   487.2   487.2 -2550.0 -2500.0
EC_S7_UO12           06 1  01 07 04 03 23 -2210.0   1.5   1.3   484.9   484.9 -2550.0 -2500.0
EC_S7_UO13           06 1  01 07 05 03 00 -2165.0   1.5   1.3   491.1   491.1 -2550.0 -2500.0
EC_S7_UO14           06 1  01 07 05 03 01 -2163.0   1.5   1.3   488.7   488.7 -2550.0 -2500.0
EC_S7_UO15           06 1  01 07 05 03 02 -2299.0   1.5   1.3   485.1   485.1 -2550.0 -2500.0
EC_S7_UO16           06 1  01 07 05 03 03 -2330.0   1.5   1.3   484.1   484.1 -2550.0 -2500.0
EC_S7_UO17           06 1  01 07 05 03 04 -2120.0   1.5   1.3   489.6   489.6 -2550.0 -2500.0
EC_S7_UO18           06 1  01 07 05 03 05 -2511.0   1.5   1.3   487.5   487.5 -2550.0 -2500.0
EC_S7_UO19           06 1  01 07 05 03 06 -2131.0   1.5   1.3   486.6   486.6 -2550.0 -2500.0
EC_S7_UO20           06 1  01 07 05 03 07 -2147.0   1.5   1.3   485.7   485.7 -2550.0 -2500.0
EC_S7_UO21           06 1  01 07 05 03 08 -2362.0   1.5   1.3   488.3   488.3 -2550.0 -2500.0
EC_S7_UO22           06 1  01 07 05 03 09 -2415.0   1.5   1.3   484.7   484.7 -2550.0 -2500.0
EC_S7_UO23           06 1  01 07 05 03 10 -2366.0   1.5   1.3   487.2   487.2 -2550.0 -2500.0
EC_S7_UO24           06 1  01 07 05 03 11 -2430.0   1.5   1.3   486.3   486.3 -2550.0 -2500.0
EC_S7_UO25           06 1  01 07 05 03 12 -2303.0   1.5   1.3   489.5   489.5 -2550.0 -2500.0
EC_S7_UO26           06 1  01 07 05 03 13 -2362.0   1.5   1.3   484.8   484.8 -2550.0 -2500.0
EC_S7_UO27           06 1  01 07 05 03 14 -1660.0   1.5   1.3   484.4   484.4 -2550.0 -2500.0
EC_S7_UO28           06 1  01 07 05 03 15 -1746.0   1.5   1.3   483.8   483.8 -2550.0 -2500.0
EC_S7_UO29           06 1  01 07 05 03 16 -1743.0   1.5   1.3   485.0   485.0 -2550.0 -2500.0
EC_S7_UO30           06 1  01 07 05 03 17 -1771.0   1.5   1.3   488.0   488.0 -2550.0 -2500.0
EC_S7_UO31           06 1  01 07 05 03 18 -1737.0   1.5   1.3   486.8   486.8 -2550.0 -2500.0
EC_S7_UO32           06 1  01 07 05 03 19 -1895.0   1.5   1.3   484.7   484.7 -2550.0 -2500.0
EC_S7_UO33           06 1  01 07 05 03 20 -1648.0   1.5   1.3   488.0   488.0 -2550.0 -2500.0
EC_S7_UO34           06 1  01 07 05 03 21 -1645.0   1.5   1.3   484.3   484.3 -2550.0 -2500.0
EC_S7_UO35           06 1  01 07 05 03 22 -1696.0   1.5   1.3   484.3   484.3 -2550.0 -2500.0
EC_S7_UO36           06 1  01 07 05 03 23 -1658.0   1.5   1.3   486.9   486.9 -2550.0 -2500.0
EC_S7_VO01           06 1  01 07 06 03 00 -1700.0   1.5   1.3   488.1   488.1 -2550.0 -2500.0
EC_S7_VO02           06 1  01 07 06 03 01 -1743.0   1.5   1.3   487.4   487.4 -2550.0 -2500.0
EC_S7_VO03           06 1  01 07 06 03 02 -1707.0   1.5   1.3   497.7   497.7 -2550.0 -2500.0
EC_S7_VO04           06 1  01 07 06 03 03 -1714.0   1.5   1.3   490.4   490.4 -2550.0 -2500.0
EC_S7_VO05           06 1  01 07 06 03 04 -1674.0   1.5   1.3   480.7   480.7 -2550.0 -2500.0
EC_S7_VO06           06 1  01 07 06 03 05 -1676.0   1.5   1.3   484.5   484.5 -2550.0 -2500.0
EC_S7_VO07           06 1  01 07 06 03 06 -1789.0   1.5   1.3   490.6   490.6 -2550.0 -2500.0
EC_S7_VO08           06 1  01 07 06 03 07 -1644.0   1.5   1.3   488.8   488.8 -2550.0 -2500.0
EC_S7_VO09           06 1  01 07 06 03 08 -1576.0   1.5   1.3   486.2   486.2 -2550.0 -2500.0
EC_S7_VO10           06 1  01 07 06 03 09 -1691.0   1.5   1.3   483.7   483.7 -2550.0 -2500.0
EC_S7_VO11           06 1  01 07 06 03 10 -1681.0   1.5   1.3   487.8   487.8 -2550.0 -2500.0
EC_S7_VO12           06 1  01 07 06 03 11 -1567.0   1.4   1.3   477.5   477.5 -2550.0 -2500.0
EC_S7_VO13           06 1  01 07 06 03 12 -1595.0   1.5   1.3   487.9   487.9 -2550.0 -2500.0
EC_S7_VO14           06 1  01 07 06 03 13 -1653.0   1.5   1.3   489.0   489.0 -2550.0 -2500.0
EC_S7_VO15           06 1  01 07 06 03 14 -1764.0   1.5   1.3   486.1   486.1 -2550.0 -2500.0
EC_S7_VO16           06 1  01 07 06 03 15 -1627.0   1.5   1.3   489.5   489.5 -2550.0 -2500.0
EC_S7_VO17           06 1  01 07 06 03 16 -1688.0   1.5   1.3   490.6   490.6 -2550.0 -2500.0
EC_S7_VO18           06 1  01 07 06 03 17 -1648.0   1.5   1.3   490.5   490.5 -2550.0 -2500.0
EC_S7_VO19           06 1  01 07 06 03 18 -1654.0   1.5   1.3   488.7   488.7 -2550.0 -2500.0
EC_S7_VO20           06 1  01 07 06 03 19 -1697.0   1.5   1.3   489.0   489.0 -2550.0 -2500.0
EC_S7_VO21           06 1  01 07 06 03 20 -1726.0   1.5   1.3   488.5   488.5 -2550.0 -2500.0
EC_S7_VO22           06 1  01 07 06 03 21 -1717.0   1.5   1.3   487.2   487.2 -2550.0 -2500.0
EC_S7_VO23           06 1  01 07 06 03 22 -1663.0   1.5   1.3   486.8   486.8 -2550.0 -2500.0
EC_S7_VO24           06 1  01 07 06 03 23 -1747.0   1.5   1.3   488.7   488.7 -2550.0 -2500.0
EC_S7_VO25           06 1  01 07 07 03 00 -1684.0   1.5   1.3   486.3   486.3 -2550.0 -2500.0
EC_S7_VO26           06 1  01 07 07 03 01 -1661.0   1.5   1.3   487.7   487.7 -2550.0 -2500.0
EC_S7_VO27           06 1  01 07 07 03 02 -1663.0   1.5   1.3   485.7   485.7 -2550.0 -2500.0
EC_S7_VO28           06 1  01 07 07 03 03 -1785.0   1.5   1.3   487.0   487.0 -2550.0 -2500.0
EC_S7_VO29           06 1  01 07 07 03 04 -1690.0   1.5   1.3   488.3   488.3 -2550.0 -2500.0
EC_S7_VO30           06 1  01 07 07 03 05 -1686.0   1.5   1.3   486.4   486.4 -2550.0 -2500.0
EC_S7_VO31           06 1  01 07 07 03 06 -1672.0   1.5   1.3   484.6   484.6 -2550.0 -2500.0
EC_S7_VO32           06 1  01 07 07 03 07 -1708.0   1.5   1.3   491.7   491.7 -2550.0 -2500.0
EC_S7_VO33           06 1  01 07 07 03 08 -1706.0   1.5   1.3   487.0   487.0 -2550.0 -2500.0
EC_S7_VO34           06 1  01 07 07 03 09 -1781.0   1.5   1.3   492.3   492.3 -2550.0 -2500.0
EC_S7_VO35           06 1  01 07 07 03 10 -1655.0   1.5   1.3   492.4   492.4 -2550.0 -2500.0
EC_S7_VO36           06 1  01 07 07 03 11 -1692.0   1.5   1.3   486.8   486.8 -2550.0 -2500.0
EC_S7_WO01           06 1  01 07 07 03 12     0.0   1.5   1.3   488.6   488.6 -2550.0 -2500.0
EC_S7_WO02           06 1  01 07 07 03 13 -2396.0   1.5   1.3   486.5   486.5 -2550.0 -2500.0
EC_S7_WO03           06 1  01 07 07 03 14 -2429.0   1.5   1.3   487.6   487.6 -2550.0 -2500.0
EC_S7_WO04           06 1  01 07 07 03 15 -2383.0   1.5   1.3   486.2   486.2 -2550.0 -2500.0
EC_S7_WO05           06 1  01 07 07 03 16 -2384.0   1.5   1.3   482.1   482.1 -2550.0 -2500.0
EC_S7_WO06           06 1  01 07 07 03 17 -2377.0   1.5   1.3   484.7   484.7 -2550.0 -2500.0
EC_S7_WO07           06 1  01 07 07 03 18 -2367.0   1.5   1.3   487.4   487.4 -2550.0 -2500.0
EC_S7_WO08           06 1  01 07 07 03 19 -2313.0   1.5   1.3   482.0   482.0 -2550.0 -2500.0
EC_S7_WO09           06 1  01 07 07 03 20 -2443.0   1.5   1.3   487.8   487.8 -2550.0 -2500.0
EC_S7_WO10           06 1  01 07 07 03 21 -2328.0   1.5   1.3   485.3   485.3 -2550.0 -2500.0
EC_S7_WO11           06 1  01 07 07 03 22 -2225.0   1.5   1.3   486.9   486.9 -2550.0 -2500.0
EC_S7_WO12           06 1  01 07 07 03 23 -2403.0   1.5   1.3   487.9   487.9 -2550.0 -2500.0
EC_S7_WO13           06 1  01 07 08 03 00 -2277.0   1.5   1.3    60.9   487.9 -2550.0 -2500.0
EC_S7_WO14           06 1  01 07 08 03 01 -2072.0   1.5   1.3    60.6   485.2 -2550.0 -2500.0
EC_S7_WO15           06 1  01 07 08 03 02 -2268.0   1.5   1.3    60.9   487.7 -2550.0 -2500.0
EC_S7_WO16           06 1  01 07 08 03 03 -2337.0   1.5   1.3    60.8   486.5 -2550.0 -2500.0
EC_S7_WO17           06 1  01 07 08 03 04 -2152.0   1.5   1.3    60.7   485.9 -2550.0 -2500.0
EC_S7_WO18           06 1  01 07 08 03 05 -2211.0   1.5   1.3    61.2   490.0 -2550.0 -2500.0
EC_S7_WO19           06 1  01 07 08 03 06 -2426.0   1.5   1.3    61.0   488.6 -2550.0 -2500.0
EC_S7_WO20           06 1  01 07 08 03 07 -2417.0   1.5   1.3    60.8   486.9 -2550.0 -2500.0
EC_S7_WO21           06 1  01 07 08 03 08 -2255.0   1.5   1.3    60.9   487.6 -2550.0 -2500.0
EC_S7_WO22           06 1  01 07 08 03 09 -2314.0   1.5   1.3    61.9   495.8 -2550.0 -2500.0
EC_S7_WO23           06 1  01 07 08 03 10 -2392.0   1.5   1.3    61.1   488.8 -2550.0 -2500.0
EC_S7_WO24           06 1  01 07 08 03 11 -2236.0   1.5   1.3    60.9   487.9 -2550.0 -2500.0
EC_S7_WO25           06 1  01 07 08 03 12 -2473.0   1.5   1.3    60.9   487.2 -2550.0 -2500.0
EC_S7_WO26           06 1  01 07 08 03 13 -2313.0   1.5   1.3    60.7   486.0 -2550.0 -2500.0
EC_S7_WO27           06 1  01 07 08 03 14 -2181.0   1.5   1.3    60.6   485.4 -2550.0 -2500.0
EC_S7_WO28           06 1  01 07 08 03 15 -2257.0   1.5   1.3    60.8   486.9 -2550.0 -2500.0
EC_S7_WO29           06 1  01 07 08 03 16 -2276.0   1.5   1.3    60.6   484.9 -2550.0 -2500.0
EC_S7_WO30           06 1  01 07 08 03 17 -2207.0   1.5   1.3    60.9   487.4 -2550.0 -2500.0
EC_S7_WO31           06 1  01 07 08 03 18 -2234.0   1.5   1.3    60.3   482.5 -2550.0 -2500.0
EC_S7_WO32           06 1  01 07 08 03 19 -2301.0   1.5   1.3    60.2   482.2 -2550.0 -2500.0
EC_S7_WO33           06 1  01 07 08 03 20 -2292.0   1.5   1.3    60.6   485.4 -2550.0 -2500.0
EC_S7_WO34           06 1  01 07 08 03 21 -2122.0   1.5   1.3    60.4   483.9 -2550.0 -2500.0
EC_S7_WO35           06 1  01 07 08 03 22 -2419.0   1.5   1.3    60.6   485.3 -2550.0 -2500.0
EC_S7_WO36           06 1  01 07 08 03 23 -2340.0   1.5   1.3    60.8   486.4 -2550.0 -2500.0
