CAEN_0_00           01 1  2 2 00 03 00 -1200.0   1.5   1.3   121.5   486.0 -2550.0 -2500.0
CAEN_0_01           01 1  2 2 00 03 01 -1200.0   1.5   1.3   121.5   486.0 -2550.0 -2500.0
CAEN_0_02           01 1  2 2 00 03 02 -1200.0   1.5   1.3   121.5   486.0 -2550.0 -2500.0
CAEN_0_03           01 1  2 2 00 03 03 -1200.0   1.5   1.3   121.5   486.0 -2550.0 -2500.0
CAEN_0_04           01 1  2 2 00 03 04 -1200.0   1.5   1.3   121.5   486.0 -2550.0 -2500.0
CAEN_0_05           01 1  2 2 00 03 05 -1200.0   1.5   1.3   121.5   486.0 -2550.0 -2500.0
CAEN_0_06           01 1  2 2 00 03 06 -1200.0   1.5   1.3   121.5   486.0 -2550.0 -2500.0
CAEN_0_07           01 1  2 2 00 03 07 -1200.0   1.5   1.3   121.5   486.0 -2550.0 -2500.0
CAEN_0_08           01 1  2 2 00 03 08 -1200.0   1.5   1.3   121.5   486.0 -2550.0 -2500.0
CAEN_0_09           01 1  2 2 00 03 09 -1200.0   1.5   1.3   121.5   486.0 -2550.0 -2500.0
CAEN_0_10           01 1  2 2 00 03 10 -1200.0   1.5   1.3   121.5   486.0 -2550.0 -2500.0
CAEN_0_11           01 1  2 2 00 03 11 -1200.0   1.5   1.3   121.5   486.0 -2550.0 -2500.0
CAEN_2_00           01 1  2 2 02 03 00 -1200.0   1.5   1.3   121.5   486.0 -2550.0 -2500.0
CAEN_2_01           01 1  2 2 02 03 01 -1200.0   1.5   1.3   121.5   486.0 -2550.0 -2500.0
CAEN_2_02           01 1  2 2 02 03 02 -1200.0   1.5   1.3   121.5   486.0 -2550.0 -2500.0
CAEN_2_03           01 1  2 2 02 03 03 -1200.0   1.5   1.3   121.5   486.0 -2550.0 -2500.0
CAEN_2_04           01 1  2 2 02 03 04 -1200.0   1.5   1.3   121.5   486.0 -2550.0 -2500.0
CAEN_2_05           01 1  2 2 02 03 05 -1200.0   1.5   1.3   121.5   486.0 -2550.0 -2500.0
CAEN_2_06           01 1  2 2 02 03 06 -1200.0   1.5   1.3   121.5   486.0 -2550.0 -2500.0
CAEN_2_07           01 1  2 2 02 03 07 -1200.0   1.5   1.3   121.5   486.0 -2550.0 -2500.0
CAEN_2_08           01 1  2 2 02 03 08 -1200.0   1.5   1.3   121.5   486.0 -2550.0 -2500.0
CAEN_2_09           01 1  2 2 02 03 09 -1200.0   1.5   1.3   121.5   486.0 -2550.0 -2500.0
CAEN_2_10           01 1  2 2 02 03 10 -1200.0   1.5   1.3   121.5   486.0 -2550.0 -2500.0
CAEN_2_11           01 1  2 2 02 03 11 -1200.0   1.5   1.3   121.5   486.0 -2550.0 -2500.0
CAEN_4_00           01 1  2 2 04 03 00 -1200.0   1.5   1.3   121.5   486.0 -2550.0 -2500.0
CAEN_4_01           01 1  2 2 04 03 01 -1200.0   1.5   1.3   121.5   486.0 -2550.0 -2500.0
CAEN_4_02           01 1  2 2 04 03 02 -1200.0   1.5   1.3   121.5   486.0 -2550.0 -2500.0
CAEN_4_03           01 1  2 2 04 03 03 -1200.0   1.5   1.3   121.5   486.0 -2550.0 -2500.0
CAEN_4_04           01 1  2 2 04 03 04 -1200.0   1.5   1.3   121.5   486.0 -2550.0 -2500.0
CAEN_4_05           01 1  2 2 04 03 05 -1200.0   1.5   1.3   121.5   486.0 -2550.0 -2500.0
CAEN_4_06           01 1  2 2 04 03 06 -1200.0   1.5   1.3   121.5   486.0 -2550.0 -2500.0
CAEN_4_07           01 1  2 2 04 03 07 -1200.0   1.5   1.3   121.5   486.0 -2550.0 -2500.0
CAEN_4_08           01 1  2 2 04 03 08 -1200.0   1.5   1.3   121.5   486.0 -2550.0 -2500.0
CAEN_4_09           01 1  2 2 04 03 09 -1200.0   1.5   1.3   121.5   486.0 -2550.0 -2500.0
CAEN_4_10           01 1  2 2 04 03 10 -1200.0   1.5   1.3   121.5   486.0 -2550.0 -2500.0
CAEN_4_11           01 1  2 2 04 03 11 -1200.0   1.5   1.3   121.5   486.0 -2550.0 -2500.0
CAEN_6_00           01 1  2 2 06 03 00 -1200.0   1.5   1.3   121.5   486.0 -2550.0 -2500.0
CAEN_6_01           01 1  2 2 06 03 01 -1200.0   1.5   1.3   121.5   486.0 -2550.0 -2500.0
CAEN_6_02           01 1  2 2 06 03 02 -1200.0   1.5   1.3   121.5   486.0 -2550.0 -2500.0
CAEN_6_03           01 1  2 2 06 03 03 -1200.0   1.5   1.3   121.5   486.0 -2550.0 -2500.0
CAEN_6_04           01 1  2 2 06 03 04 -1200.0   1.5   1.3   121.5   486.0 -2550.0 -2500.0
CAEN_6_05           01 1  2 2 06 03 05 -1200.0   1.5   1.3   121.5   486.0 -2550.0 -2500.0
CAEN_6_06           01 1  2 2 06 03 06 -1200.0   1.5   1.3   121.5   486.0 -2550.0 -2500.0
CAEN_6_07           01 1  2 2 06 03 07 -1200.0   1.5   1.3   121.5   486.0 -2550.0 -2500.0
CAEN_6_08           01 1  2 2 06 03 08 -1200.0   1.5   1.3   121.5   486.0 -2550.0 -2500.0
CAEN_6_09           01 1  2 2 06 03 09 -1200.0   1.5   1.3   121.5   486.0 -2550.0 -2500.0
CAEN_6_10           01 1  2 2 06 03 10 -1200.0   1.5   1.3   121.5   486.0 -2550.0 -2500.0
CAEN_6_11           01 1  2 2 06 03 11 -1200.0   1.5   1.3   121.5   486.0 -2550.0 -2500.0
CAEN_14_00          02 1  2 2 14 03 00 -1200.0   1.5   1.3   121.5   486.0 -2550.0 -2500.0
CAEN_14_01          02 1  2 2 14 03 01 -1200.0   1.5   1.3   121.5   486.0 -2550.0 -2500.0
CAEN_14_02          02 1  2 2 14 03 02 -1200.0   1.5   1.3   121.5   486.0 -2550.0 -2500.0
CAEN_14_03          02 1  2 2 14 03 03 -1200.0   1.5   1.3   121.5   486.0 -2550.0 -2500.0
CAEN_14_04          02 1  2 2 14 03 04 -1200.0   1.5   1.3   121.5   486.0 -2550.0 -2500.0
CAEN_14_05          02 1  2 2 14 03 05 -1200.0   1.5   1.3   121.5   486.0 -2550.0 -2500.0
CAEN_14_06          02 1  2 2 14 03 06 -1200.0   1.5   1.3   121.5   486.0 -2550.0 -2500.0
CAEN_14_07          02 1  2 2 14 03 07 -1200.0   1.5   1.3   121.5   486.0 -2550.0 -2500.0
CAEN_14_08          02 1  2 2 14 03 08 -1200.0   1.5   1.3   121.5   486.0 -2550.0 -2500.0
CAEN_14_09          02 1  2 2 14 03 09 -1200.0   1.5   1.3   121.5   486.0 -2550.0 -2500.0
CAEN_14_10          02 1  2 2 14 03 10 -1200.0   1.5   1.3   121.5   486.0 -2550.0 -2500.0
CAEN_14_11          02 1  2 2 14 03 11 -1200.0   1.5   1.3   121.5   486.0 -2550.0 -2500.0
CAEN_15_00          02 1  2 2 15 03 00 -1200.0   1.5   1.3   121.5   486.0 -2550.0 -2500.0
CAEN_15_01          02 1  2 2 15 03 01 -1200.0   1.5   1.3   121.5   486.0 -2550.0 -2500.0
CAEN_15_02          02 1  2 2 15 03 02 -1200.0   1.5   1.3   121.5   486.0 -2550.0 -2500.0
CAEN_15_03          02 1  2 2 15 03 03 -1200.0   1.5   1.3   121.5   486.0 -2550.0 -2500.0
CAEN_15_04          02 1  2 2 15 03 04 -1200.0   1.5   1.3   121.5   486.0 -2550.0 -2500.0
CAEN_15_05          02 1  2 2 15 03 05 -1200.0   1.5   1.3   121.5   486.0 -2550.0 -2500.0
