CR2_00_00             1 1 99  2 00 02 00 -2200.0   1.5   1.3   121.5   486.0 -2550.0 -2500.0
CR2_00_01             1 1 99  2 00 02 01 -2200.0   1.5   1.3   121.5   486.0 -2550.0 -2500.0
CR2_00_02             1 1 99  2 00 02 02 -2200.0   1.5   1.3   121.5   486.0 -2550.0 -2500.0
CR2_00_03             1 1 99  2 00 02 03 -2200.0   1.5   1.3   121.5   486.0 -2550.0 -2500.0
CR2_00_04             1 1 99  2 00 02 04 -2200.0   1.5   1.3   121.5   486.0 -2550.0 -2500.0
CR2_00_05             1 1 99  2 00 02 05 -2200.0   1.5   1.3   121.5   486.0 -2550.0 -2500.0
CR2_00_06             1 1 99  2 00 02 06 -2200.0   1.5   1.3   121.5   486.0 -2550.0 -2500.0
CR2_00_07             1 1 99  2 00 02 07 -2200.0   1.5   1.3   121.5   486.0 -2550.0 -2500.0
CR2_00_08             1 1 99  2 00 02 08 -2200.0   1.5   1.3   121.5   486.0 -2550.0 -2500.0
CR2_00_09             1 1 99  2 00 02 09 -2200.0   1.5   1.3   121.5   486.0 -2550.0 -2500.0
CR2_00_10             1 1 99  2 00 02 10 -2200.0   1.5   1.3   121.5   486.0 -2550.0 -2500.0
CR2_00_11             1 1 99  2 00 02 11 -2200.0   1.5   1.3   121.5   486.0 -2550.0 -2500.0
CR2_01_00             1 1 99  2 01 02 00 -2200.0   1.5   1.3   121.5   486.0 -2550.0 -2500.0
CR2_01_01             1 1 99  2 01 02 01 -2200.0   1.5   1.3   121.5   486.0 -2550.0 -2500.0
CR2_01_02             1 1 99  2 01 02 02 -2200.0   1.5   1.3   121.5   486.0 -2550.0 -2500.0
CR2_01_03             1 1 99  2 01 02 03 -2200.0   1.5   1.3   121.5   486.0 -2550.0 -2500.0
CR2_01_04             1 1 99  2 01 02 04 -2200.0   1.5   1.3   121.5   486.0 -2550.0 -2500.0
CR2_01_05             1 1 99  2 01 02 05 -2200.0   1.5   1.3   121.5   486.0 -2550.0 -2500.0
CR2_01_06             1 1 99  2 01 02 06 -2200.0   1.5   1.3   121.5   486.0 -2550.0 -2500.0
CR2_01_07             1 1 99  2 01 02 07 -2200.0   1.5   1.3   121.5   486.0 -2550.0 -2500.0
CR2_01_08             1 1 99  2 01 02 08 -2200.0   1.5   1.3   121.5   486.0 -2550.0 -2500.0
CR2_01_09             1 1 99  2 01 02 09 -2200.0   1.5   1.3   121.5   486.0 -2550.0 -2500.0
CR2_01_10             1 1 99  2 01 02 10 -2200.0   1.5   1.3   121.5   486.0 -2550.0 -2500.0
CR2_01_11             1 1 99  2 01 02 11 -2200.0   1.5   1.3   121.5   486.0 -2550.0 -2500.0
CR2_02_00             1 1 99  2 02 02 00 -2200.0   1.5   1.3   121.5   486.0 -2550.0 -2500.0
CR2_02_01             1 1 99  2 02 02 01 -2200.0   1.5   1.3   121.5   486.0 -2550.0 -2500.0
CR2_02_02             1 1 99  2 02 02 02 -2200.0   1.5   1.3   121.5   486.0 -2550.0 -2500.0
CR2_02_03             1 1 99  2 02 02 03 -2200.0   1.5   1.3   121.5   486.0 -2550.0 -2500.0
CR2_02_04             1 1 99  2 02 02 04 -2200.0   1.5   1.3   121.5   486.0 -2550.0 -2500.0
CR2_02_05             1 1 99  2 02 02 05 -2200.0   1.5   1.3   121.5   486.0 -2550.0 -2500.0
CR2_02_06             1 1 99  2 02 02 06 -2200.0   1.5   1.3   121.5   486.0 -2550.0 -2500.0
CR2_02_07             1 1 99  2 02 02 07 -2200.0   1.5   1.3   121.5   486.0 -2550.0 -2500.0
CR2_02_08             1 1 99  2 02 02 08 -2200.0   1.5   1.3   121.5   486.0 -2550.0 -2500.0
CR2_02_09             1 1 99  2 02 02 09 -2200.0   1.5   1.3   121.5   486.0 -2550.0 -2500.0
CR2_02_10             1 1 99  2 02 02 10 -2200.0   1.5   1.3   121.5   486.0 -2550.0 -2500.0
CR2_02_11             1 1 99  2 02 02 11 -2200.0   1.5   1.3   121.5   486.0 -2550.0 -2500.0
CR2_03_00             1 1 99  2 03 02 00 -2200.0   1.5   1.3   121.5   486.0 -2550.0 -2500.0
CR2_03_01             1 1 99  2 03 02 01 -2200.0   1.5   1.3   121.5   486.0 -2550.0 -2500.0
CR2_03_02             1 1 99  2 03 02 02 -2200.0   1.5   1.3   121.5   486.0 -2550.0 -2500.0
CR2_03_03             1 1 99  2 03 02 03 -2200.0   1.5   1.3   121.5   486.0 -2550.0 -2500.0
CR2_03_04             1 1 99  2 03 02 04 -2200.0   1.5   1.3   121.5   486.0 -2550.0 -2500.0
CR2_03_05             1 1 99  2 03 02 05 -2200.0   1.5   1.3   121.5   486.0 -2550.0 -2500.0
CR2_03_06             1 1 99  2 03 02 06 -2200.0   1.5   1.3   121.5   486.0 -2550.0 -2500.0
CR2_03_07             1 1 99  2 03 02 07 -2200.0   1.5   1.3   121.5   486.0 -2550.0 -2500.0
CR2_03_08             1 1 99  2 03 02 08 -2200.0   1.5   1.3   121.5   486.0 -2550.0 -2500.0
CR2_03_09             1 1 99  2 03 02 09 -2200.0   1.5   1.3   121.5   486.0 -2550.0 -2500.0
CR2_03_10             1 1 99  2 03 02 10 -2200.0   1.5   1.3   121.5   486.0 -2550.0 -2500.0
CR2_03_11             1 1 99  2 03 02 11 -2200.0   1.5   1.3   121.5   486.0 -2550.0 -2500.0
CR2_04_00             1 1 99  2 04 02 00 -2200.0   1.5   1.3   121.5   486.0 -2550.0 -2500.0
CR2_04_01             1 1 99  2 04 02 01 -2200.0   1.5   1.3   121.5   486.0 -2550.0 -2500.0
CR2_04_02             1 1 99  2 04 02 02 -2200.0   1.5   1.3   121.5   486.0 -2550.0 -2500.0
CR2_04_03             1 1 99  2 04 02 03 -2200.0   1.5   1.3   121.5   486.0 -2550.0 -2500.0
CR2_04_04             1 1 99  2 04 02 04 -2200.0   1.5   1.3   121.5   486.0 -2550.0 -2500.0
CR2_04_05             1 1 99  2 04 02 05 -2200.0   1.5   1.3   121.5   486.0 -2550.0 -2500.0
CR2_04_06             1 1 99  2 04 02 06 -2200.0   1.5   1.3   121.5   486.0 -2550.0 -2500.0
CR2_04_07             1 1 99  2 04 02 07 -2200.0   1.5   1.3   121.5   486.0 -2550.0 -2500.0
CR2_04_08             1 1 99  2 04 02 08 -2200.0   1.5   1.3   121.5   486.0 -2550.0 -2500.0
CR2_04_09             1 1 99  2 04 02 09 -2200.0   1.5   1.3   121.5   486.0 -2550.0 -2500.0
CR2_04_10             1 1 99  2 04 02 10 -2200.0   1.5   1.3   121.5   486.0 -2550.0 -2500.0
CR2_04_11             1 1 99  2 04 02 11 -2200.0   1.5   1.3   121.5   486.0 -2550.0 -2500.0
CR2_05_00             1 1 99  2 05 02 00 -2200.0   1.5   1.3   121.5   486.0 -2550.0 -2500.0
CR2_05_01             1 1 99  2 05 02 01 -2200.0   1.5   1.3   121.5   486.0 -2550.0 -2500.0
CR2_05_02             1 1 99  2 05 02 02 -2200.0   1.5   1.3   121.5   486.0 -2550.0 -2500.0
CR2_05_03             1 1 99  2 05 02 03 -2200.0   1.5   1.3   121.5   486.0 -2550.0 -2500.0
CR2_05_04             1 1 99  2 05 02 04 -2200.0   1.5   1.3   121.5   486.0 -2550.0 -2500.0
CR2_05_05             1 1 99  2 05 02 05 -2200.0   1.5   1.3   121.5   486.0 -2550.0 -2500.0
CR2_05_06             1 1 99  2 05 02 06 -2200.0   1.5   1.3   121.5   486.0 -2550.0 -2500.0
CR2_05_07             1 1 99  2 05 02 07 -2200.0   1.5   1.3   121.5   486.0 -2550.0 -2500.0
CR2_05_08             1 1 99  2 05 02 08 -2200.0   1.5   1.3   121.5   486.0 -2550.0 -2500.0
CR2_05_09             1 1 99  2 05 02 09 -2200.0   1.5   1.3   121.5   486.0 -2550.0 -2500.0
CR2_05_10             1 1 99  2 05 02 10 -2200.0   1.5   1.3   121.5   486.0 -2550.0 -2500.0
CR2_05_11             1 1 99  2 05 02 11 -2200.0   1.5   1.3   121.5   486.0 -2550.0 -2500.0
CR2_06_00             1 1 99  2 06 02 00 -2200.0   1.5   1.3   121.5   486.0 -2550.0 -2500.0
CR2_06_01             1 1 99  2 06 02 01 -2200.0   1.5   1.3   121.5   486.0 -2550.0 -2500.0
CR2_06_02             1 1 99  2 06 02 02 -2200.0   1.5   1.3   121.5   486.0 -2550.0 -2500.0
CR2_06_03             1 1 99  2 06 02 03 -2200.0   1.5   1.3   121.5   486.0 -2550.0 -2500.0
CR2_06_04             1 1 99  2 06 02 04 -2200.0   1.5   1.3   121.5   486.0 -2550.0 -2500.0
CR2_06_05             1 1 99  2 06 02 05 -2200.0   1.5   1.3   121.5   486.0 -2550.0 -2500.0
CR2_06_06             1 1 99  2 06 02 06 -2200.0   1.5   1.3   121.5   486.0 -2550.0 -2500.0
CR2_06_07             1 1 99  2 06 02 07 -2200.0   1.5   1.3   121.5   486.0 -2550.0 -2500.0
CR2_06_08             1 1 99  2 06 02 08 -2200.0   1.5   1.3   121.5   486.0 -2550.0 -2500.0
CR2_06_09             1 1 99  2 06 02 09 -2200.0   1.5   1.3   121.5   486.0 -2550.0 -2500.0
CR2_06_10             1 1 99  2 06 02 10 -2200.0   1.5   1.3   121.5   486.0 -2550.0 -2500.0
CR2_06_11             1 1 99  2 06 02 11 -2200.0   1.5   1.3   121.5   486.0 -2550.0 -2500.0
CR2_07_00             1 1 99  2 07 02 00 -2200.0   1.5   1.3   121.5   486.0 -2550.0 -2500.0
CR2_07_01             1 1 99  2 07 02 01 -2200.0   1.5   1.3   121.5   486.0 -2550.0 -2500.0
CR2_07_02             1 1 99  2 07 02 02 -2200.0   1.5   1.3   121.5   486.0 -2550.0 -2500.0
CR2_07_03             1 1 99  2 07 02 03 -2200.0   1.5   1.3   121.5   486.0 -2550.0 -2500.0
CR2_07_04             1 1 99  2 07 02 04 -2200.0   1.5   1.3   121.5   486.0 -2550.0 -2500.0
CR2_07_05             1 1 99  2 07 02 05 -2200.0   1.5   1.3   121.5   486.0 -2550.0 -2500.0
CR2_07_06             1 1 99  2 07 02 06 -2200.0   1.5   1.3   121.5   486.0 -2550.0 -2500.0
CR2_07_07             1 1 99  2 07 02 07 -2200.0   1.5   1.3   121.5   486.0 -2550.0 -2500.0
CR2_07_08             1 1 99  2 07 02 08 -2200.0   1.5   1.3   121.5   486.0 -2550.0 -2500.0
CR2_07_09             1 1 99  2 07 02 09 -2200.0   1.5   1.3   121.5   486.0 -2550.0 -2500.0
CR2_07_10             1 1 99  2 07 02 10 -2200.0   1.5   1.3   121.5   486.0 -2550.0 -2500.0
CR2_07_11             1 1 99  2 07 02 11 -2200.0   1.5   1.3   121.5   486.0 -2550.0 -2500.0
CR2_08_00             1 1 99  2 08 02 00 -2200.0   1.5   1.3   121.5   486.0 -2550.0 -2500.0
CR2_08_01             1 1 99  2 08 02 01 -2200.0   1.5   1.3   121.5   486.0 -2550.0 -2500.0
CR2_08_02             1 1 99  2 08 02 02 -2200.0   1.5   1.3   121.5   486.0 -2550.0 -2500.0
CR2_08_03             1 1 99  2 08 02 03 -2200.0   1.5   1.3   121.5   486.0 -2550.0 -2500.0
CR2_08_04             1 1 99  2 08 02 04 -2200.0   1.5   1.3   121.5   486.0 -2550.0 -2500.0
CR2_08_05             1 1 99  2 08 02 05 -2200.0   1.5   1.3   121.5   486.0 -2550.0 -2500.0
CR2_08_06             1 1 99  2 08 02 06 -2200.0   1.5   1.3   121.5   486.0 -2550.0 -2500.0
CR2_08_07             1 1 99  2 08 02 07 -2200.0   1.5   1.3   121.5   486.0 -2550.0 -2500.0
CR2_08_08             1 1 99  2 08 02 08 -2200.0   1.5   1.3   121.5   486.0 -2550.0 -2500.0
CR2_08_09             1 1 99  2 08 02 09 -2200.0   1.5   1.3   121.5   486.0 -2550.0 -2500.0
CR2_08_10             1 1 99  2 08 02 10 -2200.0   1.5   1.3   121.5   486.0 -2550.0 -2500.0
CR2_08_11             1 1 99  2 08 02 11 -2200.0   1.5   1.3   121.5   486.0 -2550.0 -2500.0
CR5_00_00             2 1 99  5 00 02 00 -2200.0   1.5   1.3   121.5   486.0 -2550.0 -2500.0
CR5_00_01             2 1 99  5 00 02 01 -2200.0   1.5   1.3   121.5   486.0 -2550.0 -2500.0
CR5_00_02             2 1 99  5 00 02 02 -2200.0   1.5   1.3   121.5   486.0 -2550.0 -2500.0
CR5_00_03             2 1 99  5 00 02 03 -2200.0   1.5   1.3   121.5   486.0 -2550.0 -2500.0
CR5_00_04             2 1 99  5 00 02 04 -2200.0   1.5   1.3   121.5   486.0 -2550.0 -2500.0
CR5_00_05             2 1 99  5 00 02 05 -2200.0   1.5   1.3   121.5   486.0 -2550.0 -2500.0
CR5_00_06             2 1 99  5 00 02 06 -2200.0   1.5   1.3   121.5   486.0 -2550.0 -2500.0
CR5_00_07             2 1 99  5 00 02 07 -2200.0   1.5   1.3   121.5   486.0 -2550.0 -2500.0
CR5_00_08             2 1 99  5 00 02 08 -2200.0   1.5   1.3   121.5   486.0 -2550.0 -2500.0
CR5_00_09             2 1 99  5 00 02 09 -2200.0   1.5   1.3   121.5   486.0 -2550.0 -2500.0
CR5_00_10             2 1 99  5 00 02 10 -2200.0   1.5   1.3   121.5   486.0 -2550.0 -2500.0
CR5_00_11             2 1 99  5 00 02 11 -2200.0   1.5   1.3   121.5   486.0 -2550.0 -2500.0
CR5_01_00             2 1 99  5 01 02 00 -2200.0   1.5   1.3   121.5   486.0 -2550.0 -2500.0
CR5_01_01             2 1 99  5 01 02 01 -2200.0   1.5   1.3   121.5   486.0 -2550.0 -2500.0
CR5_01_02             2 1 99  5 01 02 02 -2200.0   1.5   1.3   121.5   486.0 -2550.0 -2500.0
CR5_01_03             2 1 99  5 01 02 03 -2200.0   1.5   1.3   121.5   486.0 -2550.0 -2500.0
CR5_01_04             2 1 99  5 01 02 04 -2200.0   1.5   1.3   121.5   486.0 -2550.0 -2500.0
CR5_01_05             2 1 99  5 01 02 05 -2200.0   1.5   1.3   121.5   486.0 -2550.0 -2500.0
CR5_01_06             2 1 99  5 01 02 06 -2200.0   1.5   1.3   121.5   486.0 -2550.0 -2500.0
CR5_01_07             2 1 99  5 01 02 07 -2200.0   1.5   1.3   121.5   486.0 -2550.0 -2500.0
CR5_01_08             2 1 99  5 01 02 08 -2200.0   1.5   1.3   121.5   486.0 -2550.0 -2500.0
CR5_01_09             2 1 99  5 01 02 09 -2200.0   1.5   1.3   121.5   486.0 -2550.0 -2500.0
CR5_01_10             2 1 99  5 01 02 10 -2200.0   1.5   1.3   121.5   486.0 -2550.0 -2500.0
CR5_01_11             2 1 99  5 01 02 11 -2200.0   1.5   1.3   121.5   486.0 -2550.0 -2500.0
CR7_01_00             3 1 99  7 01 02 00 -2200.0   1.5   1.3   121.5   486.0 -2550.0 -2500.0
CR7_01_01             3 1 99  7 01 02 01 -2200.0   1.5   1.3   121.5   486.0 -2550.0 -2500.0
CR7_01_02             3 1 99  7 01 02 02 -2200.0   1.5   1.3   121.5   486.0 -2550.0 -2500.0
CR7_01_03             3 1 99  7 01 02 03 -2200.0   1.5   1.3   121.5   486.0 -2550.0 -2500.0
CR7_01_04             3 1 99  7 01 02 04 -2200.0   1.5   1.3   121.5   486.0 -2550.0 -2500.0
CR7_01_05             3 1 99  7 01 02 05 -2200.0   1.5   1.3   121.5   486.0 -2550.0 -2500.0
CR7_01_06             3 1 99  7 01 02 06 -2200.0   1.5   1.3   121.5   486.0 -2550.0 -2500.0
CR7_01_07             3 1 99  7 01 02 07 -2200.0   1.5   1.3   121.5   486.0 -2550.0 -2500.0
CR7_01_08             3 1 99  7 01 02 08 -2200.0   1.5   1.3   121.5   486.0 -2550.0 -2500.0
CR7_01_09             3 1 99  7 01 02 09 -2200.0   1.5   1.3   121.5   486.0 -2550.0 -2500.0
CR7_01_10             3 1 99  7 01 02 10 -2200.0   1.5   1.3   121.5   486.0 -2550.0 -2500.0
CR7_01_11             3 1 99  7 01 02 11 -2200.0   1.5   1.3   121.5   486.0 -2550.0 -2500.0
CR7_02_00             3 1 99  7 02 02 00 -2200.0   1.5   1.3   121.5   486.0 -2550.0 -2500.0
CR7_02_01             3 1 99  7 02 02 01 -2200.0   1.5   1.3   121.5   486.0 -2550.0 -2500.0
CR7_02_02             3 1 99  7 02 02 02 -2200.0   1.5   1.3   121.5   486.0 -2550.0 -2500.0
CR7_02_03             3 1 99  7 02 02 03 -2200.0   1.5   1.3   121.5   486.0 -2550.0 -2500.0
CR7_02_04             3 1 99  7 02 02 04 -2200.0   1.5   1.3   121.5   486.0 -2550.0 -2500.0
CR7_02_05             3 1 99  7 02 02 05 -2200.0   1.5   1.3   121.5   486.0 -2550.0 -2500.0
CR7_02_06             3 1 99  7 02 02 06 -2200.0   1.5   1.3   121.5   486.0 -2550.0 -2500.0
CR7_02_07             3 1 99  7 02 02 07 -2200.0   1.5   1.3   121.5   486.0 -2550.0 -2500.0
CR7_02_08             3 1 99  7 02 02 08 -2200.0   1.5   1.3   121.5   486.0 -2550.0 -2500.0
CR7_02_09             3 1 99  7 02 02 09 -2200.0   1.5   1.3   121.5   486.0 -2550.0 -2500.0
CR7_02_10             3 1 99  7 02 02 10 -2200.0   1.5   1.3   121.5   486.0 -2550.0 -2500.0
CR7_02_11             3 1 99  7 02 02 11 -2200.0   1.5   1.3   121.5   486.0 -2550.0 -2500.0
CR7_03_00             3 1 99  7 03 02 00 -2200.0   1.5   1.3   121.5   486.0 -2550.0 -2500.0
CR7_03_01             3 1 99  7 03 02 01 -2200.0   1.5   1.3   121.5   486.0 -2550.0 -2500.0
CR7_03_02             3 1 99  7 03 02 02 -2200.0   1.5   1.3   121.5   486.0 -2550.0 -2500.0
CR7_03_03             3 1 99  7 03 02 03 -2200.0   1.5   1.3   121.5   486.0 -2550.0 -2500.0
CR7_03_04             3 1 99  7 03 02 04 -2200.0   1.5   1.3   121.5   486.0 -2550.0 -2500.0
CR7_03_05             3 1 99  7 03 02 05 -2200.0   1.5   1.3   121.5   486.0 -2550.0 -2500.0
CR7_03_06             3 1 99  7 03 02 06 -2200.0   1.5   1.3   121.5   486.0 -2550.0 -2500.0
CR7_03_07             3 1 99  7 03 02 07 -2200.0   1.5   1.3   121.5   486.0 -2550.0 -2500.0
CR7_03_08             3 1 99  7 03 02 08 -2200.0   1.5   1.3   121.5   486.0 -2550.0 -2500.0
CR7_03_09             3 1 99  7 03 02 09 -2200.0   1.5   1.3   121.5   486.0 -2550.0 -2500.0
CR7_03_10             3 1 99  7 03 02 10 -2200.0   1.5   1.3   121.5   486.0 -2550.0 -2500.0
CR7_03_11             3 1 99  7 03 02 11 -2200.0   1.5   1.3   121.5   486.0 -2550.0 -2500.0
CR7_04_00             3 1 99  7 04 02 00 -2200.0   1.5   1.3   121.5   486.0 -2550.0 -2500.0
CR7_04_01             3 1 99  7 04 02 01 -2200.0   1.5   1.3   121.5   486.0 -2550.0 -2500.0
CR7_04_02             3 1 99  7 04 02 02 -2200.0   1.5   1.3   121.5   486.0 -2550.0 -2500.0
CR7_04_03             3 1 99  7 04 02 03 -2200.0   1.5   1.3   121.5   486.0 -2550.0 -2500.0
CR7_04_04             3 1 99  7 04 02 04 -2200.0   1.5   1.3   121.5   486.0 -2550.0 -2500.0
CR7_04_05             3 1 99  7 04 02 05 -2200.0   1.5   1.3   121.5   486.0 -2550.0 -2500.0
CR7_04_06             3 1 99  7 04 02 06 -2200.0   1.5   1.3   121.5   486.0 -2550.0 -2500.0
CR7_04_07             3 1 99  7 04 02 07 -2200.0   1.5   1.3   121.5   486.0 -2550.0 -2500.0
CR7_04_08             3 1 99  7 04 02 08 -2200.0   1.5   1.3   121.5   486.0 -2550.0 -2500.0
CR7_04_09             3 1 99  7 04 02 09 -2200.0   1.5   1.3   121.5   486.0 -2550.0 -2500.0
CR7_04_10             3 1 99  7 04 02 10 -2200.0   1.5   1.3   121.5   486.0 -2550.0 -2500.0
CR7_04_11             3 1 99  7 04 02 11 -2200.0   1.5   1.3   121.5   486.0 -2550.0 -2500.0
CR7_05_00             3 1 99  7 05 02 00 -2200.0   1.5   1.3   121.5   486.0 -2550.0 -2500.0
CR7_05_01             3 1 99  7 05 02 01 -2200.0   1.5   1.3   121.5   486.0 -2550.0 -2500.0
CR7_05_02             3 1 99  7 05 02 02 -2200.0   1.5   1.3   121.5   486.0 -2550.0 -2500.0
CR7_05_03             3 1 99  7 05 02 03 -2200.0   1.5   1.3   121.5   486.0 -2550.0 -2500.0
CR7_05_04             3 1 99  7 05 02 04 -2200.0   1.5   1.3   121.5   486.0 -2550.0 -2500.0
CR7_05_05             3 1 99  7 05 02 05 -2200.0   1.5   1.3   121.5   486.0 -2550.0 -2500.0
CR7_05_06             3 1 99  7 05 02 06 -2200.0   1.5   1.3   121.5   486.0 -2550.0 -2500.0
CR7_05_07             3 1 99  7 05 02 07 -2200.0   1.5   1.3   121.5   486.0 -2550.0 -2500.0
CR7_05_08             3 1 99  7 05 02 08 -2200.0   1.5   1.3   121.5   486.0 -2550.0 -2500.0
CR7_05_09             3 1 99  7 05 02 09 -2200.0   1.5   1.3   121.5   486.0 -2550.0 -2500.0
CR7_05_10             3 1 99  7 05 02 10 -2200.0   1.5   1.3   121.5   486.0 -2550.0 -2500.0
CR7_05_11             3 1 99  7 05 02 11 -2200.0   1.5   1.3   121.5   486.0 -2550.0 -2500.0
CR7_06_00             3 1 99  7 06 02 00 -2200.0   1.5   1.3   121.5   486.0 -2550.0 -2500.0
CR7_06_01             3 1 99  7 06 02 01 -2200.0   1.5   1.3   121.5   486.0 -2550.0 -2500.0
CR7_06_02             3 1 99  7 06 02 02 -2200.0   1.5   1.3   121.5   486.0 -2550.0 -2500.0
CR7_06_03             3 1 99  7 06 02 03 -2200.0   1.5   1.3   121.5   486.0 -2550.0 -2500.0
CR7_06_04             3 1 99  7 06 02 04 -2200.0   1.5   1.3   121.5   486.0 -2550.0 -2500.0
CR7_06_05             3 1 99  7 06 02 05 -2200.0   1.5   1.3   121.5   486.0 -2550.0 -2500.0
CR7_06_06             3 1 99  7 06 02 06 -2200.0   1.5   1.3   121.5   486.0 -2550.0 -2500.0
CR7_06_07             3 1 99  7 06 02 07 -2200.0   1.5   1.3   121.5   486.0 -2550.0 -2500.0
CR7_06_08             3 1 99  7 06 02 08 -2200.0   1.5   1.3   121.5   486.0 -2550.0 -2500.0
CR7_06_09             3 1 99  7 06 02 09 -2200.0   1.5   1.3   121.5   486.0 -2550.0 -2500.0
CR7_06_10             3 1 99  7 06 02 10 -2200.0   1.5   1.3   121.5   486.0 -2550.0 -2500.0
CR7_06_11             3 1 99  7 06 02 11 -2200.0   1.5   1.3   121.5   486.0 -2550.0 -2500.0
CR7_07_00             3 1 99  7 07 02 00 -2200.0   1.5   1.3   121.5   486.0 -2550.0 -2500.0
CR7_07_01             3 1 99  7 07 02 01 -2200.0   1.5   1.3   121.5   486.0 -2550.0 -2500.0
CR7_07_02             3 1 99  7 07 02 02 -2200.0   1.5   1.3   121.5   486.0 -2550.0 -2500.0
CR7_07_03             3 1 99  7 07 02 03 -2200.0   1.5   1.3   121.5   486.0 -2550.0 -2500.0
CR7_07_04             3 1 99  7 07 02 04 -2200.0   1.5   1.3   121.5   486.0 -2550.0 -2500.0
CR7_07_05             3 1 99  7 07 02 05 -2200.0   1.5   1.3   121.5   486.0 -2550.0 -2500.0
CR7_07_06             3 1 99  7 07 02 06 -2200.0   1.5   1.3   121.5   486.0 -2550.0 -2500.0
CR7_07_07             3 1 99  7 07 02 07 -2200.0   1.5   1.3   121.5   486.0 -2550.0 -2500.0
CR7_07_08             3 1 99  7 07 02 08 -2200.0   1.5   1.3   121.5   486.0 -2550.0 -2500.0
CR7_07_09             3 1 99  7 07 02 09 -2200.0   1.5   1.3   121.5   486.0 -2550.0 -2500.0
CR7_07_10             3 1 99  7 07 02 10 -2200.0   1.5   1.3   121.5   486.0 -2550.0 -2500.0
CR7_07_11             3 1 99  7 07 02 11 -2200.0   1.5   1.3   121.5   486.0 -2550.0 -2500.0
CR7_08_00             3 1 99  7 08 02 00 -2200.0   1.5   1.3   121.5   486.0 -2550.0 -2500.0
CR7_08_01             3 1 99  7 08 02 01 -2200.0   1.5   1.3   121.5   486.0 -2550.0 -2500.0
CR7_08_02             3 1 99  7 08 02 02 -2200.0   1.5   1.3   121.5   486.0 -2550.0 -2500.0
CR7_08_03             3 1 99  7 08 02 03 -2200.0   1.5   1.3   121.5   486.0 -2550.0 -2500.0
CR7_08_04             3 1 99  7 08 02 04 -2200.0   1.5   1.3   121.5   486.0 -2550.0 -2500.0
CR7_08_05             3 1 99  7 08 02 05 -2200.0   1.5   1.3   121.5   486.0 -2550.0 -2500.0
CR7_08_06             3 1 99  7 08 02 06 -2200.0   1.5   1.3   121.5   486.0 -2550.0 -2500.0
CR7_08_07             3 1 99  7 08 02 07 -2200.0   1.5   1.3   121.5   486.0 -2550.0 -2500.0
CR7_08_08             3 1 99  7 08 02 08 -2200.0   1.5   1.3   121.5   486.0 -2550.0 -2500.0
CR7_08_09             3 1 99  7 08 02 09 -2200.0   1.5   1.3   121.5   486.0 -2550.0 -2500.0
CR7_08_10             3 1 99  7 08 02 10 -2200.0   1.5   1.3   121.5   486.0 -2550.0 -2500.0
CR7_08_11             3 1 99  7 08 02 11 -2200.0   1.5   1.3   121.5   486.0 -2550.0 -2500.0
CR7_09_00             3 1 99  7 09 02 00 -2200.0   1.5   1.3   121.5   486.0 -2550.0 -2500.0
CR7_09_01             3 1 99  7 09 02 01 -2200.0   1.5   1.3   121.5   486.0 -2550.0 -2500.0
CR7_09_02             3 1 99  7 09 02 02 -2200.0   1.5   1.3   121.5   486.0 -2550.0 -2500.0
CR7_09_03             3 1 99  7 09 02 03 -2200.0   1.5   1.3   121.5   486.0 -2550.0 -2500.0
CR7_09_04             3 1 99  7 09 02 04 -2200.0   1.5   1.3   121.5   486.0 -2550.0 -2500.0
CR7_09_05             3 1 99  7 09 02 05 -2200.0   1.5   1.3   121.5   486.0 -2550.0 -2500.0
CR7_09_06             3 1 99  7 09 02 06 -2200.0   1.5   1.3   121.5   486.0 -2550.0 -2500.0
CR7_09_07             3 1 99  7 09 02 07 -2200.0   1.5   1.3   121.5   486.0 -2550.0 -2500.0
CR7_09_08             3 1 99  7 09 02 08 -2200.0   1.5   1.3   121.5   486.0 -2550.0 -2500.0
CR7_09_09             3 1 99  7 09 02 09 -2200.0   1.5   1.3   121.5   486.0 -2550.0 -2500.0
CR7_09_10             3 1 99  7 09 02 10 -2200.0   1.5   1.3   121.5   486.0 -2550.0 -2500.0
CR7_09_11             3 1 99  7 09 02 11 -2200.0   1.5   1.3   121.5   486.0 -2550.0 -2500.0
CR7_10_00             3 1 99  7 10 02 00 -2200.0   1.5   1.3   121.5   486.0 -2550.0 -2500.0
CR7_10_01             3 1 99  7 10 02 01 -2200.0   1.5   1.3   121.5   486.0 -2550.0 -2500.0
CR7_10_02             3 1 99  7 10 02 02 -2200.0   1.5   1.3   121.5   486.0 -2550.0 -2500.0
CR7_10_03             3 1 99  7 10 02 03 -2200.0   1.5   1.3   121.5   486.0 -2550.0 -2500.0
CR7_10_04             3 1 99  7 10 02 04 -2200.0   1.5   1.3   121.5   486.0 -2550.0 -2500.0
CR7_10_05             3 1 99  7 10 02 05 -2200.0   1.5   1.3   121.5   486.0 -2550.0 -2500.0
CR7_10_06             3 1 99  7 10 02 06 -2200.0   1.5   1.3   121.5   486.0 -2550.0 -2500.0
CR7_10_07             3 1 99  7 10 02 07 -2200.0   1.5   1.3   121.5   486.0 -2550.0 -2500.0
CR7_10_08             3 1 99  7 10 02 08 -2200.0   1.5   1.3   121.5   486.0 -2550.0 -2500.0
CR7_10_09             3 1 99  7 10 02 09 -2200.0   1.5   1.3   121.5   486.0 -2550.0 -2500.0
CR7_10_10             3 1 99  7 10 02 10 -2200.0   1.5   1.3   121.5   486.0 -2550.0 -2500.0
CR7_10_11             3 1 99  7 10 02 11 -2200.0   1.5   1.3   121.5   486.0 -2550.0 -2500.0
CR7_11_00             3 1 99  7 11 02 00 -2200.0   1.5   1.3   121.5   486.0 -2550.0 -2500.0
CR7_11_01             3 1 99  7 11 02 01 -2200.0   1.5   1.3   121.5   486.0 -2550.0 -2500.0
CR7_11_02             3 1 99  7 11 02 02 -2200.0   1.5   1.3   121.5   486.0 -2550.0 -2500.0
CR7_11_03             3 1 99  7 11 02 03 -2200.0   1.5   1.3   121.5   486.0 -2550.0 -2500.0
CR7_11_04             3 1 99  7 11 02 04 -2200.0   1.5   1.3   121.5   486.0 -2550.0 -2500.0
CR7_11_05             3 1 99  7 11 02 05 -2200.0   1.5   1.3   121.5   486.0 -2550.0 -2500.0
CR7_11_06             3 1 99  7 11 02 06 -2200.0   1.5   1.3   121.5   486.0 -2550.0 -2500.0
CR7_11_07             3 1 99  7 11 02 07 -2200.0   1.5   1.3   121.5   486.0 -2550.0 -2500.0
CR7_11_08             3 1 99  7 11 02 08 -2200.0   1.5   1.3   121.5   486.0 -2550.0 -2500.0
CR7_11_09             3 1 99  7 11 02 09 -2200.0   1.5   1.3   121.5   486.0 -2550.0 -2500.0
CR7_11_10             3 1 99  7 11 02 10 -2200.0   1.5   1.3   121.5   486.0 -2550.0 -2500.0
CR7_11_11             3 1 99  7 11 02 11 -2200.0   1.5   1.3   121.5   486.0 -2550.0 -2500.0
CR7_12_00             3 1 99  7 12 02 00 -2200.0   1.5   1.3   121.5   486.0 -2550.0 -2500.0
CR7_12_01             3 1 99  7 12 02 01 -2200.0   1.5   1.3   121.5   486.0 -2550.0 -2500.0
CR7_12_02             3 1 99  7 12 02 02 -2200.0   1.5   1.3   121.5   486.0 -2550.0 -2500.0
CR7_12_03             3 1 99  7 12 02 03 -2200.0   1.5   1.3   121.5   486.0 -2550.0 -2500.0
CR7_12_04             3 1 99  7 12 02 04 -2200.0   1.5   1.3   121.5   486.0 -2550.0 -2500.0
CR7_12_05             3 1 99  7 12 02 05 -2200.0   1.5   1.3   121.5   486.0 -2550.0 -2500.0
CR7_12_06             3 1 99  7 12 02 06 -2200.0   1.5   1.3   121.5   486.0 -2550.0 -2500.0
CR7_12_07             3 1 99  7 12 02 07 -2200.0   1.5   1.3   121.5   486.0 -2550.0 -2500.0
CR7_12_08             3 1 99  7 12 02 08 -2200.0   1.5   1.3   121.5   486.0 -2550.0 -2500.0
CR7_12_09             3 1 99  7 12 02 09 -2200.0   1.5   1.3   121.5   486.0 -2550.0 -2500.0
CR7_12_10             3 1 99  7 12 02 10 -2200.0   1.5   1.3   121.5   486.0 -2550.0 -2500.0
CR7_12_11             3 1 99  7 12 02 11 -2200.0   1.5   1.3   121.5   486.0 -2550.0 -2500.0
CR7_13_00             3 1 99  7 13 02 00 -2200.0   1.5   1.3   121.5   486.0 -2550.0 -2500.0
CR7_13_01             3 1 99  7 13 02 01 -2200.0   1.5   1.3   121.5   486.0 -2550.0 -2500.0
CR7_13_02             3 1 99  7 13 02 02 -2200.0   1.5   1.3   121.5   486.0 -2550.0 -2500.0
CR7_13_03             3 1 99  7 13 02 03 -2200.0   1.5   1.3   121.5   486.0 -2550.0 -2500.0
CR7_13_04             3 1 99  7 13 02 04 -2200.0   1.5   1.3   121.5   486.0 -2550.0 -2500.0
CR7_13_05             3 1 99  7 13 02 05 -2200.0   1.5   1.3   121.5   486.0 -2550.0 -2500.0
CR7_13_06             3 1 99  7 13 02 06 -2200.0   1.5   1.3   121.5   486.0 -2550.0 -2500.0
CR7_13_07             3 1 99  7 13 02 07 -2200.0   1.5   1.3   121.5   486.0 -2550.0 -2500.0
CR7_13_08             3 1 99  7 13 02 08 -2200.0   1.5   1.3   121.5   486.0 -2550.0 -2500.0
CR7_13_09             3 1 99  7 13 02 09 -2200.0   1.5   1.3   121.5   486.0 -2550.0 -2500.0
CR7_13_10             3 1 99  7 13 02 10 -2200.0   1.5   1.3   121.5   486.0 -2550.0 -2500.0
CR7_13_11             3 1 99  7 13 02 11 -2200.0   1.5   1.3   121.5   486.0 -2550.0 -2500.0
CR7_14_00             3 1 99  7 14 02 00 -2200.0   1.5   1.3   121.5   486.0 -2550.0 -2500.0
CR7_14_01             3 1 99  7 14 02 01 -2200.0   1.5   1.3   121.5   486.0 -2550.0 -2500.0
CR7_14_02             3 1 99  7 14 02 02 -2200.0   1.5   1.3   121.5   486.0 -2550.0 -2500.0
CR7_14_03             3 1 99  7 14 02 03 -2200.0   1.5   1.3   121.5   486.0 -2550.0 -2500.0
CR7_14_04             3 1 99  7 14 02 04 -2200.0   1.5   1.3   121.5   486.0 -2550.0 -2500.0
CR7_14_05             3 1 99  7 14 02 05 -2200.0   1.5   1.3   121.5   486.0 -2550.0 -2500.0
CR7_14_06             3 1 99  7 14 02 06 -2200.0   1.5   1.3   121.5   486.0 -2550.0 -2500.0
CR7_14_07             3 1 99  7 14 02 07 -2200.0   1.5   1.3   121.5   486.0 -2550.0 -2500.0
CR7_14_08             3 1 99  7 14 02 08 -2200.0   1.5   1.3   121.5   486.0 -2550.0 -2500.0
CR7_14_09             3 1 99  7 14 02 09 -2200.0   1.5   1.3   121.5   486.0 -2550.0 -2500.0
CR7_14_10             3 1 99  7 14 02 10 -2200.0   1.5   1.3   121.5   486.0 -2550.0 -2500.0
CR7_14_11             3 1 99  7 14 02 11 -2200.0   1.5   1.3   121.5   486.0 -2550.0 -2500.0
CR4_02_00             4 1 99  4 02 02 00 -2200.0   1.5   1.3   121.5   486.0 -2550.0 -2500.0
CR4_02_01             4 1 99  4 02 02 01 -2200.0   1.5   1.3   121.5   486.0 -2550.0 -2500.0
CR4_02_02             4 1 99  4 02 02 02 -2200.0   1.5   1.3   121.5   486.0 -2550.0 -2500.0
CR4_02_03             4 1 99  4 02 02 03 -2200.0   1.5   1.3   121.5   486.0 -2550.0 -2500.0
CR4_02_04             4 1 99  4 02 02 04 -2200.0   1.5   1.3   121.5   486.0 -2550.0 -2500.0
CR4_02_05             4 1 99  4 02 02 05 -2200.0   1.5   1.3   121.5   486.0 -2550.0 -2500.0
CR4_02_06             4 1 99  4 02 02 06 -2200.0   1.5   1.3   121.5   486.0 -2550.0 -2500.0
CR4_02_07             4 1 99  4 02 02 07 -2200.0   1.5   1.3   121.5   486.0 -2550.0 -2500.0
CR4_02_08             4 1 99  4 02 02 08 -2200.0   1.5   1.3   121.5   486.0 -2550.0 -2500.0
CR4_02_09             4 1 99  4 02 02 09 -2200.0   1.5   1.3   121.5   486.0 -2550.0 -2500.0
CR4_02_10             4 1 99  4 02 02 10 -2200.0   1.5   1.3   121.5   486.0 -2550.0 -2500.0
CR4_02_11             4 1 99  4 02 02 11 -2200.0   1.5   1.3   121.5   486.0 -2550.0 -2500.0
CR4_03_00             4 1 99  4 03 02 00 -2200.0   1.5   1.3   121.5   486.0 -2550.0 -2500.0
CR4_03_01             4 1 99  4 03 02 01 -2200.0   1.5   1.3   121.5   486.0 -2550.0 -2500.0
CR4_03_02             4 1 99  4 03 02 02 -2200.0   1.5   1.3   121.5   486.0 -2550.0 -2500.0
CR4_03_03             4 1 99  4 03 02 03 -2200.0   1.5   1.3   121.5   486.0 -2550.0 -2500.0
CR4_03_04             4 1 99  4 03 02 04 -2200.0   1.5   1.3   121.5   486.0 -2550.0 -2500.0
CR4_03_05             4 1 99  4 03 02 05 -2200.0   1.5   1.3   121.5   486.0 -2550.0 -2500.0
CR4_03_06             4 1 99  4 03 02 06 -2200.0   1.5   1.3   121.5   486.0 -2550.0 -2500.0
CR4_03_07             4 1 99  4 03 02 07 -2200.0   1.5   1.3   121.5   486.0 -2550.0 -2500.0
CR4_03_08             4 1 99  4 03 02 08 -2200.0   1.5   1.3   121.5   486.0 -2550.0 -2500.0
CR4_03_09             4 1 99  4 03 02 09 -2200.0   1.5   1.3   121.5   486.0 -2550.0 -2500.0
CR4_03_10             4 1 99  4 03 02 10 -2200.0   1.5   1.3   121.5   486.0 -2550.0 -2500.0
CR4_03_11             4 1 99  4 03 02 11 -2200.0   1.5   1.3   121.5   486.0 -2550.0 -2500.0
