R1S1AXF0102    01 -11111  10 03 06 03 02   633.0   1.5   1.3   25.0   50.0  30.0   700.0
R1S1AXF0103    01 -11112  10 03 06 03 03   633.0   1.5   1.3   25.0   50.0  30.0   700.0
R1S1AXF0303    01 -11113  10 03 06 03 06   633.0   1.5   1.3   25.0   50.0  30.0   700.0
R1S1AXF0304    01 -11114  10 03 06 03 07   633.0   1.5   1.3   25.0   50.0  30.0   700.0
R1S1AXF0404    01 -11211  10 03 06 03 10   633.0   1.5   1.3   25.0   50.0  30.0   700.0
R1S1AXF0405    01 -11212  10 03 06 03 11   633.0   1.5   1.3   25.0   50.0  30.0   700.0
R1S1AXF0506    01 -11311  10 03 06 03 14   633.0   1.5   1.3   25.0   50.0  30.0   700.0
R1S1AXF0507    01 -11312  10 03 06 03 15   633.0   1.5   1.3   25.0   50.0  30.0   700.0
R1S1STF0102    01 -11121  10 03 06 03 00   633.0   1.5   1.3   25.0   50.0  30.0   700.0
R1S1STF0103    01 -11122  10 03 06 03 01   633.0   1.5   1.3   25.0   50.0  30.0   700.0
R1S1STF0303    01 -11123  10 03 06 03 04   633.0   1.5   1.3   25.0   50.0  30.0   700.0
R1S1STF0304    01 -11124  10 03 06 03 05   633.0   1.5   1.3   25.0   50.0  30.0   700.0
R1S1STF0404    01 -11221  10 03 06 03 08   633.0   1.5   1.3   25.0   50.0  30.0   700.0
R1S1STF0405    01 -11222  10 03 06 03 09   633.0   1.5   1.3   25.0   50.0  30.0   700.0
R1S1STF0506    01 -11321  10 03 06 03 12   633.0   1.5   1.3   25.0   50.0  30.0   700.0
R1S1STF0507    01 -11322  10 03 06 03 13   633.0   1.5   1.3   25.0   50.0  30.0   700.0
R1S1AXG0103    01  11151  10 03 00 03 21   450.0   1.5   1.3   25.0   50.0  30.0   500.0
R1S1AXG0406    01  11351  10 03 00 03 23   450.0   1.5   1.3   25.0   50.0  30.0   500.0
R1S1STG0103    01  11161  10 03 00 03 20   450.0   1.5   1.3   25.0   50.0  30.0   500.0
R1S1STG0406    01  11361  10 03 00 03 22   450.0   1.5   1.3   25.0   50.0  30.0   500.0
R1S1AXS0101    01  11131  10 03 00 03 02  1266.0   1.5   1.3   25.0   50.0  30.0  1400.0
R1S1AXS0102    01  11132  10 03 00 03 03  1266.0   1.5   1.3   25.0   50.0  30.0  1400.0
R1S1AXS0202    01  11133  10 03 00 03 06  1266.0   1.5   1.3   25.0   50.0  30.0  1400.0
R1S1AXS0203    01  11134  10 03 00 03 07  1266.0   1.5   1.3   25.0   50.0  30.0  1400.0
R1S1AXS0303    01  11135  10 03 00 03 10  1266.0   1.5   1.3   25.0   50.0  30.0  1400.0
R1S1AXS0304    01  11136  10 03 00 03 11  1266.0   1.5   1.3   25.0   50.0  30.0  1400.0
R1S1AXS0404    01  11231  10 03 00 03 14  1266.0   1.5   1.3   25.0   50.0  30.0  1400.0
R1S1AXS0405    01  11232  10 03 00 03 15  1266.0   1.5   1.3   25.0   50.0  30.0  1400.0
R1S1AXS0506    01  11331  10 03 00 03 18  1266.0   1.5   1.3   25.0   50.0  30.0  1400.0
R1S1AXS0507    01  11332  10 03 00 03 19  1266.0   1.5   1.3   25.0   50.0  30.0  1400.0
R1S1STS0101    01  11141  10 03 00 03 00  1266.0   1.5   1.3   25.0   50.0  30.0  1400.0
R1S1STS0102    01  11142  10 03 00 03 01  1266.0   1.5   1.3   25.0   50.0  30.0  1400.0
R1S1STS0202    01  11143  10 03 00 03 04  1266.0   1.5   1.3   25.0   50.0  30.0  1400.0
R1S1STS0203    01  11144  10 03 00 03 05  1266.0   1.5   1.3   25.0   50.0  30.0  1400.0
R1S1STS0303    01  11145  10 03 00 03 08  1266.0   1.5   1.3   25.0   50.0  30.0  1400.0
R1S1STS0304    01  11146  10 03 00 03 09  1266.0   1.5   1.3   25.0   50.0  30.0  1400.0
R1S1STS0404    01  11241  10 03 00 03 12  1266.0   1.5   1.3   25.0   50.0  30.0  1400.0
R1S1STS0405    01  11242  10 03 00 03 13  1266.0   1.5   1.3   25.0   50.0  30.0  1400.0
R1S1STS0506    01  11341  10 03 00 03 16  1266.0   1.5   1.3   25.0   50.0  30.0  1400.0
R1S1STS0507    01  11342  10 03 00 03 17  1266.0   1.5   1.3   25.0   50.0  30.0  1400.0
R1S2AXF0102    02 -12111  10 03 07 03 02   633.0   1.5   1.3   25.0   50.0  30.0   700.0
R1S2AXF0103    02 -12112  10 03 07 03 03   633.0   1.5   1.3   25.0   50.0  30.0   700.0
R1S2AXF0303    02 -12113  10 03 07 03 06   633.0   1.5   1.3   25.0   50.0  30.0   700.0
R1S2AXF0304    02 -12114  10 03 07 03 07   633.0   1.5   1.3   25.0   50.0  30.0   700.0
R1S2AXF0404    02 -12211  10 03 07 03 10   633.0   1.5   1.3   25.0   50.0  30.0   700.0
R1S2AXF0405    02 -12212  10 03 07 03 11   633.0   1.5   1.3   25.0   50.0  30.0   700.0
R1S2AXF0506    02 -12311  10 03 07 03 14   633.0   1.5   1.3   25.0   50.0  30.0   700.0
R1S2AXF0507    02 -12312  10 03 07 03 15   633.0   1.5   1.3   25.0   50.0  30.0   700.0
R1S2STF0102    02 -12121  10 03 07 03 00   633.0   1.5   1.3   25.0   50.0  30.0   700.0
R1S2STF0103    02 -12122  10 03 07 03 01   633.0   1.5   1.3   25.0   50.0  30.0   700.0
R1S2STF0303    02 -12123  10 03 07 03 04   633.0   1.5   1.3   25.0   50.0  30.0   700.0
R1S2STF0304    02 -12124  10 03 07 03 05   633.0   1.5   1.3   25.0   50.0  30.0   700.0
R1S2STF0404    02 -12221  10 03 07 03 08   633.0   1.5   1.3   25.0   50.0  30.0   700.0
R1S2STF0405    02 -12222  10 03 07 03 09   633.0   1.5   1.3   25.0   50.0  30.0   700.0
R1S2STF0506    02 -12321  10 03 07 03 12   633.0   1.5   1.3   25.0   50.0  30.0   700.0
R1S2STF0507    02 -12322  10 03 07 03 13   633.0   1.5   1.3   25.0   50.0  30.0   700.0
R1S2AXG0103    02  12151  10 03 01 03 21   450.0   1.5   1.3   25.0   50.0  30.0   500.0
R1S2AXG0406    02  12351  10 03 01 03 23   450.0   1.5   1.3   25.0   50.0  30.0   500.0
R1S2STG0103    02  12161  10 03 01 03 20   450.0   1.5   1.3   25.0   50.0  30.0   500.0
R1S2STG0406    02  12361  10 03 01 03 22   450.0   1.5   1.3   25.0   50.0  30.0   500.0
R1S2AXS0101    02  12131  10 03 01 03 02  1266.0   1.5   1.3   25.0   50.0  30.0  1400.0
R1S2AXS0102    02  12132  10 03 01 03 03  1266.0   1.5   1.3   25.0   50.0  30.0  1400.0
R1S2AXS0202    02  12133  10 03 01 03 06  1266.0   1.5   1.3   25.0   50.0  30.0  1400.0
R1S2AXS0203    02  12134  10 03 01 03 07  1266.0   1.5   1.3   25.0   50.0  30.0  1400.0
R1S2AXS0303    02  12135  10 03 01 03 10  1266.0   1.5   1.3   25.0   50.0  30.0  1400.0
R1S2AXS0304    02  12136  10 03 01 03 11  1266.0   1.5   1.3   25.0   50.0  30.0  1400.0
R1S2AXS0404    02  12231  10 03 01 03 14  1266.0   1.5   1.3   25.0   50.0  30.0  1400.0
R1S2AXS0405    02  12232  10 03 01 03 15  1266.0   1.5   1.3   25.0   50.0  30.0  1400.0
R1S2AXS0506    02  12331  10 03 01 03 18  1266.0   1.5   1.3   25.0   50.0  30.0  1400.0
R1S2AXS0507    02  12332  10 03 01 03 19  1266.0   1.5   1.3   25.0   50.0  30.0  1400.0
R1S2STS0101    02  12141  10 03 01 03 00  1266.0   1.5   1.3   25.0   50.0  30.0  1400.0
R1S2STS0102    02  12142  10 03 01 03 01  1266.0   1.5   1.3   25.0   50.0  30.0  1400.0
R1S2STS0202    02  12143  10 03 01 03 04  1266.0   1.5   1.3   25.0   50.0  30.0  1400.0
R1S2STS0203    02  12144  10 03 01 03 05  1266.0   1.5   1.3   25.0   50.0  30.0  1400.0
R1S2STS0303    02  12145  10 03 01 03 08  1266.0   1.5   1.3   25.0   50.0  30.0  1400.0
R1S2STS0304    02  12146  10 03 01 03 09  1266.0   1.5   1.3   25.0   50.0  30.0  1400.0
R1S2STS0404    02  12241  10 03 01 03 12  1266.0   1.5   1.3   25.0   50.0  30.0  1400.0
R1S2STS0405    02  12242  10 03 01 03 13  1266.0   1.5   1.3   25.0   50.0  30.0  1400.0
R1S2STS0506    02  12341  10 03 01 03 16  1266.0   1.5   1.3   25.0   50.0  30.0  1400.0
R1S2STS0507    02  12342  10 03 01 03 17  1266.0   1.5   1.3   25.0   50.0  30.0  1400.0
R1S3AXF0102    03 -13111  10 03 08 03 02   633.0   1.5   1.3   25.0   50.0  30.0   700.0
R1S3AXF0103    03 -13112  10 03 08 03 03   633.0   1.5   1.3   25.0   50.0  30.0   700.0
R1S3AXF0303    03 -13113  10 03 08 03 06   633.0   1.5   1.3   25.0   50.0  30.0   700.0
R1S3AXF0304    03 -13114  10 03 08 03 07   633.0   1.5   1.3   25.0   50.0  30.0   700.0
R1S3AXF0404    03 -13211  10 03 08 03 10   633.0   1.5   1.3   25.0   50.0  30.0   700.0
R1S3AXF0405    03 -13212  10 03 08 03 11   633.0   1.5   1.3   25.0   50.0  30.0   700.0
R1S3AXF0506    03 -13311  10 03 08 03 14   633.0   1.5   1.3   25.0   50.0  30.0   700.0
R1S3AXF0507    03 -13312  10 03 08 03 15   633.0   1.5   1.3   25.0   50.0  30.0   700.0
R1S3STF0102    03 -13121  10 03 08 03 00   633.0   1.5   1.3   25.0   50.0  30.0   700.0
R1S3STF0103    03 -13122  10 03 08 03 01   633.0   1.5   1.3   25.0   50.0  30.0   700.0
R1S3STF0303    03 -13123  10 03 08 03 04   633.0   1.5   1.3   25.0   50.0  30.0   700.0
R1S3STF0304    03 -13124  10 03 08 03 05   633.0   1.5   1.3   25.0   50.0  30.0   700.0
R1S3STF0404    03 -13221  10 03 08 03 08   633.0   1.5   1.3   25.0   50.0  30.0   700.0
R1S3STF0405    03 -13222  10 03 08 03 09   633.0   1.5   1.3   25.0   50.0  30.0   700.0
R1S3STF0506    03 -13321  10 03 08 03 12   633.0   1.5   1.3   25.0   50.0  30.0   700.0
R1S3STF0507    03 -13322  10 03 08 03 13   633.0   1.5   1.3   25.0   50.0  30.0   700.0
R1S3AXG0103    03  13151  10 03 02 03 21   450.0   1.5   1.3   25.0   50.0  30.0   500.0
R1S3AXG0406    03  13351  10 03 02 03 23   450.0   1.5   1.3   25.0   50.0  30.0   500.0
R1S3STG0103    03  13161  10 03 02 03 20   450.0   1.5   1.3   25.0   50.0  30.0   500.0
R1S3STG0406    03  13361  10 03 02 03 22   450.0   1.5   1.3   25.0   50.0  30.0   500.0
R1S3AXS0101    03  13131  10 03 02 03 02  1266.0   1.5   1.3   25.0   50.0  30.0  1400.0
R1S3AXS0102    03  13132  10 03 02 03 03  1266.0   1.5   1.3   25.0   50.0  30.0  1400.0
R1S3AXS0202    03  13133  10 03 02 03 06  1266.0   1.5   1.3   25.0   50.0  30.0  1400.0
R1S3AXS0203    03  13134  10 03 02 03 07  1266.0   1.5   1.3   25.0   50.0  30.0  1400.0
R1S3AXS0303    03  13135  10 03 02 03 10  1266.0   1.5   1.3   25.0   50.0  30.0  1400.0
R1S3AXS0304    03  13136  10 03 02 03 11  1266.0   1.5   1.3   25.0   50.0  30.0  1400.0
R1S3AXS0404    03  13231  10 03 02 03 14  1266.0   1.5   1.3   25.0   50.0  30.0  1400.0
R1S3AXS0405    03  13232  10 03 02 03 15  1266.0   1.5   1.3   25.0   50.0  30.0  1400.0
R1S3AXS0506    03  13331  10 03 02 03 18  1266.0   1.5   1.3   25.0   50.0  30.0  1400.0
R1S3AXS0507    03  13332  10 03 02 03 19  1266.0   1.5   1.3   25.0   50.0  30.0  1400.0
R1S3STS0101    03  13141  10 03 02 03 00  1266.0   1.5   1.3   25.0   50.0  30.0  1400.0
R1S3STS0102    03  13142  10 03 02 03 01  1266.0   1.5   1.3   25.0   50.0  30.0  1400.0
R1S3STS0202    03  13143  10 03 02 03 04  1266.0   1.5   1.3   25.0   50.0  30.0  1400.0
R1S3STS0203    03  13144  10 03 02 03 05  1266.0   1.5   1.3   25.0   50.0  30.0  1400.0
R1S3STS0303    03  13145  10 03 02 03 08  1266.0   1.5   1.3   25.0   50.0  30.0  1400.0
R1S3STS0304    03  13146  10 03 02 03 09  1266.0   1.5   1.3   25.0   50.0  30.0  1400.0
R1S3STS0404    03  13241  10 03 02 03 12  1266.0   1.5   1.3   25.0   50.0  30.0  1400.0
R1S3STS0405    03  13242  10 03 02 03 13  1266.0   1.5   1.3   25.0   50.0  30.0  1400.0
R1S3STS0506    03  13341  10 03 02 03 16  1266.0   1.5   1.3   25.0   50.0  30.0  1400.0
R1S3STS0507    03  13342  10 03 02 03 17  1266.0   1.5   1.3   25.0   50.0  30.0  1400.0
R1S4AXF0102    04 -14111  10 03 09 03 02   633.0   1.5   1.3   25.0   50.0  30.0   700.0
R1S4AXF0103    04 -14112  10 03 09 03 03   633.0   1.5   1.3   25.0   50.0  30.0   700.0
R1S4AXF0303    04 -14113  10 03 09 03 06   633.0   1.5   1.3   25.0   50.0  30.0   700.0
R1S4AXF0304    04 -14114  10 03 09 03 07   633.0   1.5   1.3   25.0   50.0  30.0   700.0
R1S4AXF0404    04 -14211  10 03 09 03 10   633.0   1.5   1.3   25.0   50.0  30.0   700.0
R1S4AXF0405    04 -14212  10 03 09 03 11   633.0   1.5   1.3   25.0   50.0  30.0   700.0
R1S4AXF0506    04 -14311  10 03 09 03 14   633.0   1.5   1.3   25.0   50.0  30.0   700.0
R1S4AXF0507    04 -14312  10 03 09 03 15   633.0   1.5   1.3   25.0   50.0  30.0   700.0
R1S4STF0102    04 -14121  10 03 09 03 00   633.0   1.5   1.3   25.0   50.0  30.0   700.0
R1S4STF0103    04 -14122  10 03 09 03 01   633.0   1.5   1.3   25.0   50.0  30.0   700.0
R1S4STF0303    04 -14123  10 03 09 03 04   633.0   1.5   1.3   25.0   50.0  30.0   700.0
R1S4STF0304    04 -14124  10 03 09 03 05   633.0   1.5   1.3   25.0   50.0  30.0   700.0
R1S4STF0404    04 -14221  10 03 09 03 08   633.0   1.5   1.3   25.0   50.0  30.0   700.0
R1S4STF0405    04 -14222  10 03 09 03 09   633.0   1.5   1.3   25.0   50.0  30.0   700.0
R1S4STF0506    04 -14321  10 03 09 03 12   633.0   1.5   1.3   25.0   50.0  30.0   700.0
R1S4STF0507    04 -14322  10 03 09 03 13   633.0   1.5   1.3   25.0   50.0  30.0   700.0
R1S4AXG0103    04  14151  10 03 03 03 21   450.0   1.5   1.3   25.0   50.0  30.0   500.0
R1S4AXG0406    04  14351  10 03 03 03 23   450.0   1.5   1.3   25.0   50.0  30.0   500.0
R1S4STG0103    04  14161  10 03 03 03 20   450.0   1.5   1.3   25.0   50.0  30.0   500.0
R1S4STG0406    04  14361  10 03 03 03 22   450.0   1.5   1.3   25.0   50.0  30.0   500.0
R1S4AXS0101    04  14131  10 03 03 03 02  1266.0   1.5   1.3   25.0   50.0  30.0  1400.0
R1S4AXS0102    04  14132  10 03 03 03 03  1266.0   1.5   1.3   25.0   50.0  30.0  1400.0
R1S4AXS0202    04  14133  10 03 03 03 06  1266.0   1.5   1.3   25.0   50.0  30.0  1400.0
R1S4AXS0203    04  14134  10 03 03 03 07  1266.0   1.5   1.3   25.0   50.0  30.0  1400.0
R1S4AXS0303    04  14135  10 03 03 03 10  1266.0   1.5   1.3   25.0   50.0  30.0  1400.0
R1S4AXS0304    04  14136  10 03 03 03 11  1266.0   1.5   1.3   25.0   50.0  30.0  1400.0
R1S4AXS0404    04  14231  10 03 03 03 14  1266.0   1.5   1.3   25.0   50.0  30.0  1400.0
R1S4AXS0405    04  14232  10 03 03 03 15  1266.0   1.5   1.3   25.0   50.0  30.0  1400.0
R1S4AXS0506    04  14331  10 03 03 03 18  1266.0   1.5   1.3   25.0   50.0  30.0  1400.0
R1S4AXS0507    04  14332  10 03 03 03 19  1266.0   1.5   1.3   25.0   50.0  30.0  1400.0
R1S4STS0101    04  14141  10 03 03 03 00  1266.0   1.5   1.3   25.0   50.0  30.0  1400.0
R1S4STS0102    04  14142  10 03 03 03 01  1266.0   1.5   1.3   25.0   50.0  30.0  1400.0
R1S4STS0202    04  14143  10 03 03 03 04  1266.0   1.5   1.3   25.0   50.0  30.0  1400.0
R1S4STS0203    04  14144  10 03 03 03 05  1266.0   1.5   1.3   25.0   50.0  30.0  1400.0
R1S4STS0303    04  14145  10 03 03 03 08  1266.0   1.5   1.3   25.0   50.0  30.0  1400.0
R1S4STS0304    04  14146  10 03 03 03 09  1266.0   1.5   1.3   25.0   50.0  30.0  1400.0
R1S4STS0404    04  14241  10 03 03 03 12  1266.0   1.5   1.3   25.0   50.0  30.0  1400.0
R1S4STS0405    04  14242  10 03 03 03 13  1266.0   1.5   1.3   25.0   50.0  30.0  1400.0
R1S4STS0506    04  14341  10 03 03 03 16  1266.0   1.5   1.3   25.0   50.0  30.0  1400.0
R1S4STS0507    04  14342  10 03 03 03 17  1266.0   1.5   1.3   25.0   50.0  30.0  1400.0
R1S5AXF0102    05 -15111  10 03 06 03 18   633.0   1.5   1.3   25.0   50.0  30.0   700.0
R1S5AXF0103    05 -15112  10 03 06 03 19   633.0   1.5   1.3   25.0   50.0  30.0   700.0
R1S5AXF0303    05 -15113  10 03 06 03 22   633.0   1.5   1.3   25.0   50.0  30.0   700.0
R1S5AXF0304    05 -15114  10 03 06 03 23   633.0   1.5   1.3   25.0   50.0  30.0   700.0
R1S5AXF0404    05 -15211  10 03 07 03 18   633.0   1.5   1.3   25.0   50.0  30.0   700.0
R1S5AXF0405    05 -15212  10 03 07 03 19   633.0   1.5   1.3   25.0   50.0  30.0   700.0
R1S5AXF0506    05 -15311  10 03 07 03 22   633.0   1.5   1.3   25.0   50.0  30.0   700.0
R1S5AXF0507    05 -15312  10 03 07 03 23   633.0   1.5   1.3   25.0   50.0  30.0   700.0
R1S5STF0102    05 -15121  10 03 06 03 16   633.0   1.5   1.3   25.0   50.0  30.0   700.0
R1S5STF0103    05 -15122  10 03 06 03 17   633.0   1.5   1.3   25.0   50.0  30.0   700.0
R1S5STF0303    05 -15123  10 03 06 03 20   633.0   1.5   1.3   25.0   50.0  30.0   700.0
R1S5STF0304    05 -15124  10 03 06 03 21   633.0   1.5   1.3   25.0   50.0  30.0   700.0
R1S5STF0404    05 -15221  10 03 07 03 16   633.0   1.5   1.3   25.0   50.0  30.0   700.0
R1S5STF0405    05 -15222  10 03 07 03 17   633.0   1.5   1.3   25.0   50.0  30.0   700.0
R1S5STF0506    05 -15321  10 03 07 03 20   633.0   1.5   1.3   25.0   50.0  30.0   700.0
R1S5STF0507    05 -15322  10 03 07 03 21   633.0   1.5   1.3   25.0   50.0  30.0   700.0
R1S5AXG0103    05  15151  10 03 04 03 21   450.0   1.5   1.3   25.0   50.0  30.0   500.0
R1S5AXG0406    05  15351  10 03 04 03 23   450.0   1.5   1.3   25.0   50.0  30.0   500.0
R1S5STG0103    05  15161  10 03 04 03 20   450.0   1.5   1.3   25.0   50.0  30.0   500.0
R1S5STG0406    05  15361  10 03 04 03 22   450.0   1.5   1.3   25.0   50.0  30.0   500.0
R1S5AXS0101    05  15131  10 03 04 03 02  1266.0   1.5   1.3   25.0   50.0  30.0  1400.0
R1S5AXS0102    05  15132  10 03 04 03 03  1266.0   1.5   1.3   25.0   50.0  30.0  1400.0
R1S5AXS0202    05  15133  10 03 04 03 06  1266.0   1.5   1.3   25.0   50.0  30.0  1400.0
R1S5AXS0203    05  15134  10 03 04 03 07  1266.0   1.5   1.3   25.0   50.0  30.0  1400.0
R1S5AXS0303    05  15135  10 03 04 03 10  1266.0   1.5   1.3   25.0   50.0  30.0  1400.0
R1S5AXS0304    05  15136  10 03 04 03 11  1266.0   1.5   1.3   25.0   50.0  30.0  1400.0
R1S5AXS0404    05  15231  10 03 04 03 14  1266.0   1.5   1.3   25.0   50.0  30.0  1400.0
R1S5AXS0405    05  15232  10 03 04 03 15  1266.0   1.5   1.3   25.0   50.0  30.0  1400.0
R1S5AXS0506    05  15331  10 03 04 03 18  1266.0   1.5   1.3   25.0   50.0  30.0  1400.0
R1S5AXS0507    05  15332  10 03 04 03 19  1266.0   1.5   1.3   25.0   50.0  30.0  1400.0
R1S5STS0101    05  15141  10 03 04 03 00  1266.0   1.5   1.3   25.0   50.0  30.0  1400.0
R1S5STS0102    05  15142  10 03 04 03 01  1266.0   1.5   1.3   25.0   50.0  30.0  1400.0
R1S5STS0202    05  15143  10 03 04 03 04  1266.0   1.5   1.3   25.0   50.0  30.0  1400.0
R1S5STS0203    05  15144  10 03 04 03 05  1266.0   1.5   1.3   25.0   50.0  30.0  1400.0
R1S5STS0303    05  15145  10 03 04 03 08  1266.0   1.5   1.3   25.0   50.0  30.0  1400.0
R1S5STS0304    05  15146  10 03 04 03 09  1266.0   1.5   1.3   25.0   50.0  30.0  1400.0
R1S5STS0404    05  15241  10 03 04 03 12  1266.0   1.5   1.3   25.0   50.0  30.0  1400.0
R1S5STS0405    05  15242  10 03 04 03 13  1266.0   1.5   1.3   25.0   50.0  30.0  1400.0
R1S5STS0506    05  15341  10 03 04 03 16  1266.0   1.5   1.3   25.0   50.0  30.0  1400.0
R1S5STS0507    05  15342  10 03 04 03 17  1266.0   1.5   1.3   25.0   50.0  30.0  1400.0
R1S6AXF0102    06 -16111  10 03 08 03 18   633.0   1.5   1.3   25.0   50.0  30.0   700.0
R1S6AXF0103    06 -16112  10 03 08 03 19   633.0   1.5   1.3   25.0   50.0  30.0   700.0
R1S6AXF0303    06 -16113  10 03 08 03 22   633.0   1.5   1.3   25.0   50.0  30.0   700.0
R1S6AXF0304    06 -16114  10 03 08 03 23   633.0   1.5   1.3   25.0   50.0  30.0   700.0
R1S6AXF0404    06 -16211  10 03 09 03 18   633.0   1.5   1.3   25.0   50.0  30.0   700.0
R1S6AXF0405    06 -16212  10 03 09 03 19   633.0   1.5   1.3   25.0   50.0  30.0   700.0
R1S6AXF0506    06 -16311  10 03 09 03 22   633.0   1.5   1.3   25.0   50.0  30.0   700.0
R1S6AXF0507    06 -16312  10 03 09 03 23   633.0   1.5   1.3   25.0   50.0  30.0   700.0
R1S6STF0102    06 -16121  10 03 08 03 16   633.0   1.5   1.3   25.0   50.0  30.0   700.0
R1S6STF0103    06 -16122  10 03 08 03 17   633.0   1.5   1.3   25.0   50.0  30.0   700.0
R1S6STF0303    06 -16123  10 03 08 03 20   633.0   1.5   1.3   25.0   50.0  30.0   700.0
R1S6STF0304    06 -16124  10 03 08 03 21   633.0   1.5   1.3   25.0   50.0  30.0   700.0
R1S6STF0404    06 -16221  10 03 09 03 16   633.0   1.5   1.3   25.0   50.0  30.0   700.0
R1S6STF0405    06 -16222  10 03 09 03 17   633.0   1.5   1.3   25.0   50.0  30.0   700.0
R1S6STF0506    06 -16321  10 03 09 03 20   633.0   1.5   1.3   25.0   50.0  30.0   700.0
R1S6STF0507    06 -16322  10 03 09 03 21   633.0   1.5   1.3   25.0   50.0  30.0   700.0
R1S6AXG0103    06  16151  10 03 05 03 21   450.0   1.5   1.3   25.0   50.0  30.0   500.0
R1S6AXG0406    06  16351  10 03 05 03 23   450.0   1.5   1.3   25.0   50.0  30.0   500.0
R1S6STG0103    06  16161  10 03 05 03 20   450.0   1.5   1.3   25.0   50.0  30.0   500.0
R1S6STG0406    06  16361  10 03 05 03 22   450.0   1.5   1.3   25.0   50.0  30.0   500.0
R1S6AXS0101    06  16131  10 03 05 03 02  1266.0   1.5   1.3   25.0   50.0  30.0  1400.0
R1S6AXS0102    06  16132  10 03 05 03 03  1266.0   1.5   1.3   25.0   50.0  30.0  1400.0
R1S6AXS0202    06  16133  10 03 05 03 06  1266.0   1.5   1.3   25.0   50.0  30.0  1400.0
R1S6AXS0203    06  16134  10 03 05 03 07  1266.0   1.5   1.3   25.0   50.0  30.0  1400.0
R1S6AXS0303    06  16135  10 03 05 03 10  1266.0   1.5   1.3   25.0   50.0  30.0  1400.0
R1S6AXS0304    06  16136  10 03 05 03 11  1266.0   1.5   1.3   25.0   50.0  30.0  1400.0
R1S6AXS0404    06  16231  10 03 05 03 14  1266.0   1.5   1.3   25.0   50.0  30.0  1400.0
R1S6AXS0405    06  16232  10 03 05 03 15  1266.0   1.5   1.3   25.0   50.0  30.0  1400.0
R1S6AXS0506    06  16331  10 03 05 03 18  1266.0   1.5   1.3   25.0   50.0  30.0  1400.0
R1S6AXS0507    06  16332  10 03 05 03 19  1266.0   1.5   1.3   25.0   50.0  30.0  1400.0
R1S6STS0101    06  16141  10 03 05 03 00  1266.0   1.5   1.3   25.0   50.0  30.0  1400.0
R1S6STS0102    06  16142  10 03 05 03 01  1266.0   1.5   1.3   25.0   50.0  30.0  1400.0
R1S6STS0202    06  16143  10 03 05 03 04  1266.0   1.5   1.3   25.0   50.0  30.0  1400.0
R1S6STS0203    06  16144  10 03 05 03 05  1266.0   1.5   1.3   25.0   50.0  30.0  1400.0
R1S6STS0303    06  16145  10 03 05 03 08  1266.0   1.5   1.3   25.0   50.0  30.0  1400.0
R1S6STS0304    06  16146  10 03 05 03 09  1266.0   1.5   1.3   25.0   50.0  30.0  1400.0
R1S6STS0404    06  16241  10 03 05 03 12  1266.0   1.5   1.3   25.0   50.0  30.0  1400.0
R1S6STS0405    06  16242  10 03 05 03 13  1266.0   1.5   1.3   25.0   50.0  30.0  1400.0
R1S6STS0506    06  16341  10 03 05 03 16  1266.0   1.5   1.3   25.0   50.0  30.0  1400.0
R1S6STS0507    06  16342  10 03 05 03 17  1266.0   1.5   1.3   25.0   50.0  30.0  1400.0
