R2S1STF0001 1 -21121 10 01 00 03 00 700.0 1.5 25.0 50.0 30.0 750.0 
R2S1STF0202 1 -21122 10 01 00 03 01 700.0 1.5 25.0 50.0 30.0 750.0 
R2S1STF0303 1 -21123 10 01 00 03 02 700.0 1.5 25.0 50.0 30.0 750.0 
R2S1STF0404 1 -21124 10 01 00 03 03 700.0 1.5 25.0 50.0 30.0 750.0 
R2S1STF0506 1 -21221 10 01 00 03 04 700.0 1.5 25.0 50.0 30.0 750.0 
R2S1STF0708 1 -21222 10 01 00 03 05 700.0 1.5 25.0 50.0 30.0 750.0 
R2S1STF0910 1 -21321 10 01 00 03 06 700.0 1.5 25.0 50.0 30.0 750.0 
R2S1STF1112 1 -21322 10 01 00 03 07 700.0 1.5 25.0 50.0 30.0 750.0 
R2S1AXF0101 1 -21111 10 01 00 03 08 700.0 1.5 25.0 50.0 30.0 750.0 
R2S1AXF0202 1 -21112 10 01 00 03 09 700.0 1.5 25.0 50.0 30.0 750.0 
R2S1AXF0303 1 -21113 10 01 00 03 10 700.0 1.5 25.0 50.0 30.0 750.0 
R2S1AXF0404 1 -21114 10 01 00 03 11 700.0 1.5 25.0 50.0 30.0 750.0 
R2S1AXF0506 1 -21211 10 01 00 03 12 700.0 1.5 25.0 50.0 30.0 750.0 
R2S1AXF0708 1 -21212 10 01 00 03 13 700.0 1.5 25.0 50.0 30.0 750.0 
R2S1AXF0910 1 -21311 10 01 00 03 14 700.0 1.5 25.0 50.0 30.0 750.0 
R2S1AXF1112 1 -21312 10 01 00 03 15 700.0 1.5 25.0 50.0 30.0 750.0 
R2S2STF0001 1 -22121 10 01 00 03 16 700.0 1.5 25.0 50.0 30.0 750.0 
R2S2STF0202 1 -22122 10 01 00 03 17 700.0 1.5 25.0 50.0 30.0 750.0 
R2S2STF0303 1 -22123 10 01 00 03 18 700.0 1.5 25.0 50.0 30.0 750.0 
R2S2STF0404 1 -22124 10 01 00 03 19 700.0 1.5 25.0 50.0 30.0 750.0 
R2S2STF0506 1 -22221 10 01 00 03 20 700.0 1.5 25.0 50.0 30.0 750.0 
R2S2STF0708 1 -22222 10 01 00 03 21 700.0 1.5 25.0 50.0 30.0 750.0 
R2S2STF0910 1 -22321 10 01 00 03 22 700.0 1.5 25.0 50.0 30.0 750.0 
R2S2STF1112 1 -22322 10 01 00 03 23 700.0 1.5 25.0 50.0 30.0 750.0 
R2S2AXF0101 1 -22111 10 01 01 03 00 700.0 1.5 25.0 50.0 30.0 750.0 
R2S2AXF0202 1 -22112 10 01 01 03 01 700.0 1.5 25.0 50.0 30.0 750.0 
R2S2AXF0303 1 -22113 10 01 01 03 02 700.0 1.5 25.0 50.0 30.0 750.0 
R2S2AXF0404 1 -22114 10 01 01 03 03 700.0 1.5 25.0 50.0 30.0 750.0 
R2S2AXF0506 1 -22211 10 01 01 03 04 700.0 1.5 25.0 50.0 30.0 750.0 
R2S2AXF0708 1 -22212 10 01 01 03 05 700.0 1.5 25.0 50.0 30.0 750.0 
R2S2AXF0910 1 -22311 10 01 01 03 06 700.0 1.5 25.0 50.0 30.0 750.0 
R2S2AXF1112 1 -22312 10 01 01 03 07 700.0 1.5 25.0 50.0 30.0 750.0 
R2S6STF0001 1 -26121 10 01 01 03 08 700.0 1.5 25.0 50.0 30.0 750.0 
R2S6STF0202 1 -26122 10 01 01 03 09 700.0 1.5 25.0 50.0 30.0 750.0 
R2S6STF0303 1 -26123 10 01 01 03 10 700.0 1.5 25.0 50.0 30.0 750.0 
R2S6STF0404 1 -26124 10 01 01 03 11 700.0 1.5 25.0 50.0 30.0 750.0 
R2S6STF0506 1 -26221 10 01 01 03 12 700.0 1.5 25.0 50.0 30.0 750.0 
R2S6STF0708 1 -26222 10 01 01 03 13 700.0 1.5 25.0 50.0 30.0 750.0 
R2S6STF0910 1 -26321 10 01 01 03 14 700.0 1.5 25.0 50.0 30.0 750.0 
R2S6STF1112 1 -26322 10 01 01 03 15 700.0 1.5 25.0 50.0 30.0 750.0 
R2S6AXF0101 1 -26111 10 01 01 03 16 700.0 1.5 25.0 50.0 30.0 750.0 
R2S6AXF0202 1 -26112 10 01 01 03 17 700.0 1.5 25.0 50.0 30.0 750.0 
R2S6AXF0303 1 -26113 10 01 01 03 18 700.0 1.5 25.0 50.0 30.0 750.0 
R2S6AXF0404 1 -26114 10 01 01 03 19 700.0 1.5 25.0 50.0 30.0 750.0 
R2S6AXF0506 1 -26211 10 01 01 03 20 700.0 1.5 25.0 50.0 30.0 750.0 
R2S6AXF0708 1 -26212 10 01 01 03 21 700.0 1.5 25.0 50.0 30.0 750.0 
R2S6AXF0910 1 -26311 10 01 01 03 22 700.0 1.5 25.0 50.0 30.0 750.0 
R2S6AXF1112 1 -26312 10 01 01 03 23 700.0 1.5 25.0 50.0 30.0 750.0 
R3S1STF0102 1 -31121 10 01 02 03 00 750.0 1.5 25.0 50.0 30.0 800.0 
R3S1STF0304 1 -31122 10 01 02 03 01 750.0 1.5 25.0 50.0 30.0 800.0 
R3S1STF0506 1 -31123 10 01 02 03 02 750.0 1.5 25.0 50.0 30.0 800.0 
R3S1STF0708 1 -31124 10 01 02 03 03 750.0 1.5 25.0 50.0 30.0 800.0 
R3S1STF0912 1 -31221 10 01 02 03 04 750.0 1.5 25.0 50.0 30.0 800.0 
R3S1STF1316 1 -31222 10 01 02 03 05 750.0 1.5 25.0 50.0 30.0 800.0 
R3S1STF1720 1 -31321 10 01 02 03 06 750.0 1.5 25.0 50.0 30.0 800.0 
R3S1STF2124 1 -31322 10 01 02 03 07 750.0 1.5 25.0 50.0 30.0 800.0 
R3S1AXF0102 1 -31111 10 01 02 03 08 750.0 1.5 25.0 50.0 30.0 800.0 
R3S1AXF0304 1 -31112 10 01 02 03 09 750.0 1.5 25.0 50.0 30.0 800.0 
R3S1AXF0506 1 -31113 10 01 02 03 10 750.0 1.5 25.0 50.0 30.0 800.0 
R3S1AXF0708 1 -31114 10 01 02 03 11 750.0 1.5 25.0 50.0 30.0 800.0 
R3S1AXF0912 1 -31211 10 01 02 03 12 750.0 1.5 25.0 50.0 30.0 800.0 
R3S1AXF1316 1 -31212 10 01 02 03 13 750.0 1.5 25.0 50.0 30.0 800.0 
R3S1AXF1720 1 31311 10 01 02 03 14 750.0 1.5 25.0 50.0 30.0 800.0 
R3S1AXF2124 1 -31312 10 01 02 03 15 750.0 1.5 25.0 50.0 30.0 800.0 
R3S2STF0102 1 -32121 10 01 02 03 16 750.0 1.5 25.0 50.0 30.0 800.0 
R3S2STF0204 1 -32122 10 01 02 03 17 750.0 1.5 25.0 50.0 30.0 800.0 
R3S2STF0506 1 -32123 10 01 02 03 18 750.0 1.5 25.0 50.0 30.0 800.0 
R3S2STF0708 1 -32124 10 01 02 03 19 750.0 1.5 25.0 50.0 30.0 800.0 
R3S2STF0912 1 -32221 10 01 02 03 20 750.0 1.5 25.0 50.0 30.0 800.0 
R3S2STF1316 1 -32222 10 01 02 03 21 750.0 1.5 25.0 50.0 30.0 800.0 
R3S2STF1720 1 -32321 10 01 02 03 22 750.0 1.5 25.0 50.0 30.0 800.0 
R3S2STF2124 1 -32322 10 01 02 03 23 750.0 1.5 25.0 50.0 30.0 800.0 
R3S2AXF0102 1 -32111 10 01 03 03 00 750.0 1.5 25.0 50.0 30.0 800.0 
R3S2AXF0304 1 -32112 10 01 03 03 01 750.0 1.5 25.0 50.0 30.0 800.0 
R3S2AXF0506 1 -32113 10 01 03 03 02 750.0 1.5 25.0 50.0 30.0 800.0 
R3S2AXF0708 1 -32114 10 01 03 03 03 750.0 1.5 25.0 50.0 30.0 800.0 
R3S2AXF0912 1 -32211 10 01 03 03 04 750.0 1.5 25.0 50.0 30.0 800.0 
R3S2AXF1316 1 -32212 10 01 03 03 05 750.0 1.5 25.0 50.0 30.0 800.0 
R3S2AXF1720 1 -32311 10 01 03 03 06 750.0 1.5 25.0 50.0 30.0 800.0 
R3S2AXF2124 1 -32312 10 01 03 03 07 750.0 1.5 25.0 50.0 30.0 800.0 
R3S6STF0102 1 -36121 10 01 03 03 08 750.0 1.5 25.0 50.0 30.0 800.0 
R3S6STF0304 1 -36122 10 01 03 03 09 750.0 1.5 25.0 50.0 30.0 800.0 
R3S6STF0506 1 -36123 10 01 03 03 10 750.0 1.5 25.0 50.0 30.0 800.0 
R3S6STF0708 1 -36124 10 01 03 03 11 750.0 1.5 25.0 50.0 30.0 800.0 
R3S6STF0912 1 -36221 10 01 03 03 12 750.0 1.5 25.0 50.0 30.0 800.0 
R3S6STF1316 1 -36222 10 01 03 03 13 750.0 1.5 25.0 50.0 30.0 800.0 
R3S6STF1720 1 -36321 10 01 03 03 14 750.0 1.5 25.0 50.0 30.0 800.0 
R3S6STF2124 1 -36322 10 01 03 03 15 750.0 1.5 25.0 50.0 30.0 800.0 
R3S6AXF0102 1 -36111 10 01 03 03 16 750.0 1.5 25.0 50.0 30.0 800.0 
R3S6AXF0304 1 -36112 10 01 03 03 17 750.0 1.5 25.0 50.0 30.0 800.0 
R3S6AXF0506 1 -36113 10 01 03 03 18 750.0 1.5 25.0 50.0 30.0 800.0 
R3S6AXF0708 1 -36114 10 01 03 03 19 750.0 1.5 25.0 50.0 30.0 800.0 
R3S6AXF0912 1 -36211 10 01 03 03 20 750.0 1.5 25.0 50.0 30.0 800.0 
R3S6AXF1316 1 -36212 10 01 03 03 21 750.0 1.5 25.0 50.0 30.0 800.0 
R3S6AXF1720 1 -36311 10 01 03 03 22 750.0 1.5 25.0 50.0 30.0 800.0 
R3S6AXF2124 1 -36312 10 01 03 03 23 750.0 1.5 25.0 50.0 30.0 800.0 
R2S1STS0001 1 21141 10 01 04 03 00 1400.0 1.5 25.0 50.0 30.0 1500.0 
R2S1STS0202 1 21142 10 01 04 03 01 1400.0 1.5 25.0 50.0 30.0 1500.0 
R2S1STS0303 1 21143 10 01 04 03 02 1400.0 1.5 25.0 50.0 30.0 1500.0 
R2S1STS0404 1 21144 10 01 04 03 03 1400.0 1.5 25.0 50.0 30.0 1500.0 
R2S1STS0506 1 21241 10 01 04 03 04 1400.0 1.5 25.0 50.0 30.0 1500.0 
R2S1STS0708 1 21242 10 01 04 03 05 1400.0 1.5 25.0 50.0 30.0 1500.0 
R2S1STS0910 1 21341 10 01 04 03 06 1400.0 1.5 25.0 50.0 30.0 1500.0 
R2S1STS1112 1 21342 10 01 04 03 07 1400.0 1.5 25.0 50.0 30.0 1500.0 
R2S1AXS0101 1 21131 10 01 04 03 08 1400.0 1.5 25.0 50.0 30.0 1500.0 
R2S1AXS0202 1 21132 10 01 04 03 09 1400.0 1.5 25.0 50.0 30.0 1500.0 
R2S1AXS0303 1 21133 10 01 04 03 10 1400.0 1.5 25.0 50.0 30.0 1500.0 
R2S1AXS0404 1 21134 10 01 04 03 11 1400.0 1.5 25.0 50.0 30.0 1500.0 
R2S1AXS0506 1 21231 10 01 04 03 12 1400.0 1.5 25.0 50.0 30.0 1500.0 
R2S1AXS0708 1 21232 10 01 04 03 13 1400.0 1.5 25.0 50.0 30.0 1500.0 
R2S1AXS0910 1 21331 10 01 04 03 14 1400.0 1.5 25.0 50.0 30.0 1500.0 
R2S1AXS1112 1 21332 10 01 04 03 15 1400.0 1.5 25.0 50.0 30.0 1500.0 
R2S2STS0001 1 22141 10 01 04 03 16 1400.0 1.5 25.0 50.0 30.0 1500.0 
R2S2STS0202 1 22142 10 01 04 03 17 1400.0 1.5 25.0 50.0 30.0 1500.0 
R2S2STS0303 1 22143 10 01 04 03 18 1400.0 1.5 25.0 50.0 30.0 1500.0 
R2S2STS0404 1 22144 10 01 04 03 19 1400.0 1.5 25.0 50.0 30.0 1500.0 
R2S2STS0506 1 22241 10 01 04 03 20 1400.0 1.5 25.0 50.0 30.0 1500.0 
R2S2STS0708 1 22242 10 01 04 03 21 1400.0 1.5 25.0 50.0 30.0 1500.0 
R2S2STS0910 1 22341 10 01 04 03 22 1400.0 1.5 25.0 50.0 30.0 1500.0 
R2S2STS1112 1 22342 10 01 04 03 23 1400.0 1.5 25.0 50.0 30.0 1500.0 
R2S2AXS0101 1 22131 10 01 05 03 00 1400.0 1.5 25.0 50.0 30.0 1500.0 
R2S2AXS0202 1 22132 10 01 05 03 01 1400.0 1.5 25.0 50.0 30.0 1500.0 
R2S2AXS0303 1 22133 10 01 05 03 02 1400.0 1.5 25.0 50.0 30.0 1500.0 
R2S2AXS0404 1 22134 10 01 05 03 03 1400.0 1.5 25.0 50.0 30.0 1500.0 
R2S2AXS0506 1 22231 10 01 05 03 04 1400.0 1.5 25.0 50.0 30.0 1500.0 
R2S2AXS0708 1 22232 10 01 05 03 05 1400.0 1.5 25.0 50.0 30.0 1500.0 
R2S2AXS0910 1 22331 10 01 05 03 06 1400.0 1.5 25.0 50.0 30.0 1500.0 
R2S2AXS1112 1 22332 10 01 05 03 07 1400.0 1.5 25.0 50.0 30.0 1500.0 
R2S6STS0001 1 26141 10 01 05 03 08 1400.0 1.5 25.0 50.0 30.0 1500.0 
R2S6STS0202 1 26142 10 01 05 03 09 1400.0 1.5 25.0 50.0 30.0 1500.0 
R2S6STS0303 1 26143 10 01 05 03 10 1400.0 1.5 25.0 50.0 30.0 1500.0 
R2S6STS0404 1 26144 10 01 05 03 11 1400.0 1.5 25.0 50.0 30.0 1500.0 
R2S6STS0506 1 26241 10 01 05 03 12 1400.0 1.5 25.0 50.0 30.0 1500.0 
R2S6STS0708 1 26242 10 01 05 03 13 1400.0 1.5 25.0 50.0 30.0 1500.0 
R2S6STS0910 1 26341 10 01 05 03 14 1400.0 1.5 25.0 50.0 30.0 1500.0 
R2S6STS1112 1 26342 10 01 05 03 15 1400.0 1.5 25.0 50.0 30.0 1500.0 
R2S6AXS0101 1 26131 10 01 05 03 16 1400.0 1.5 25.0 50.0 30.0 1500.0 
R2S6AXS0202 1 26132 10 01 05 03 17 1400.0 1.5 25.0 50.0 30.0 1500.0 
R2S6AXS0303 1 26133 10 01 05 03 18 1400.0 1.5 25.0 50.0 30.0 1500.0 
R2S6AXS0404 1 26134 10 01 05 03 19 1400.0 1.5 25.0 50.0 30.0 1500.0 
R2S6AXS0506 1 26231 10 01 05 03 20 1400.0 1.5 25.0 50.0 30.0 1500.0 
R2S6AXS0708 1 26232 10 01 05 03 21 1400.0 1.5 25.0 50.0 30.0 1500.0 
R2S6AXS0910 1 26331 10 01 05 03 22 1400.0 1.5 25.0 50.0 30.0 1500.0 
R2S6AXS1112 1 26332 10 01 05 03 23 1400.0 1.5 25.0 50.0 30.0 1500.0 
R3S1STS0102 1 31141 10 01 06 03 00 1500.0 1.5 25.0 50.0 30.0 1600.0 
R3S1STS0304 1 31142 10 01 06 03 01 1500.0 1.5 25.0 50.0 30.0 1600.0 
R3S1STS0506 1 31143 10 01 06 03 02 1500.0 1.5 25.0 50.0 30.0 1600.0 
R3S1STS0708 1 31144 10 01 06 03 03 1500.0 1.5 25.0 50.0 30.0 1600.0 
R3S1STS0912 1 31241 10 01 06 03 04 1500.0 1.5 25.0 50.0 30.0 1600.0 
R3S1STS1316 1 31242 10 01 06 03 05 1500.0 1.5 25.0 50.0 30.0 1600.0 
R3S1STS1720 1 31341 10 01 06 03 06 1500.0 1.5 25.0 50.0 30.0 1600.0 
R3S1STS2124 1 31342 10 01 06 03 07 1500.0 1.5 25.0 50.0 30.0 1600.0 
R3S1AXS0102 1 31131 10 01 06 03 08 1500.0 1.5 25.0 50.0 30.0 1600.0 
R3S1AXS0304 1 31132 10 01 06 03 09 1500.0 1.5 25.0 50.0 30.0 1600.0 
R3S1AXS0506 1 31133 10 01 06 03 10 1500.0 1.5 25.0 50.0 30.0 1600.0 
R3S1AXS0708 1 31134 10 01 06 03 11 1500.0 1.5 25.0 50.0 30.0 1600.0 
R3S1AXS0912 1 31231 10 01 06 03 12 1500.0 1.5 25.0 50.0 30.0 1600.0 
R3S1AXS1316 1 31232 10 01 06 03 13 1500.0 1.5 25.0 50.0 30.0 1600.0 
R3S1AXS1720 1 31331 10 01 06 03 14 1500.0 1.5 25.0 50.0 30.0 1600.0 
R3S1AXS2124 1 31332 10 01 06 03 15 1500.0 1.5 25.0 50.0 30.0 1600.0 
R3S2STS0102 1 32141 10 01 06 03 16 1500.0 1.5 25.0 50.0 30.0 1600.0 
R3S2STS0204 1 32142 10 01 06 03 17 1500.0 1.5 25.0 50.0 30.0 1600.0 
R3S2STS0506 1 32143 10 01 06 03 18 1500.0 1.5 25.0 50.0 30.0 1600.0 
R3S2STS0708 1 32144 10 01 06 03 19 1500.0 1.5 25.0 50.0 30.0 1600.0 
R3S2STS0912 1 32241 10 01 06 03 20 1500.0 1.5 25.0 50.0 30.0 1600.0 
R3S2STS1316 1 32242 10 01 06 03 21 1500.0 1.5 25.0 50.0 30.0 1600.0 
R3S2STS1720 1 32341 10 01 06 03 22 1500.0 1.5 25.0 50.0 30.0 1600.0 
R3S2STS2124 1 32342 10 01 06 03 23 1500.0 1.5 25.0 50.0 30.0 1600.0 
R3S2AXS0102 1 32131 10 01 07 03 00 1500.0 1.5 25.0 50.0 30.0 1600.0 
R3S2AXS0304 1 32132 10 01 07 03 01 1500.0 1.5 25.0 50.0 30.0 1600.0 
R3S2AXS0506 1 32133 10 01 07 03 02 1500.0 1.5 25.0 50.0 30.0 1600.0 
R3S2AXS0708 1 32134 10 01 07 03 03 1500.0 1.5 25.0 50.0 30.0 1600.0 
R3S2AXS0912 1 32231 10 01 07 03 04 1500.0 1.5 25.0 50.0 30.0 1600.0 
R3S2AXS1316 1 32232 10 01 07 03 05 1500.0 1.5 25.0 50.0 30.0 1600.0 
R3S2AXS1720 1 32331 10 01 07 03 06 1500.0 1.5 25.0 50.0 30.0 1600.0 
R3S2AXS2124 1 32332 10 01 07 03 07 1500.0 1.5 25.0 50.0 30.0 1600.0 
R3S6STS0102 1 36141 10 01 07 03 08 1500.0 1.5 25.0 50.0 30.0 1600.0 
R3S6STS0304 1 36142 10 01 07 03 09 1500.0 1.5 25.0 50.0 30.0 1600.0 
R3S6STS0506 1 36143 10 01 07 03 10 1500.0 1.5 25.0 50.0 30.0 1600.0 
R3S6STS0708 1 36144 10 01 07 03 11 1500.0 1.5 25.0 50.0 30.0 1600.0 
R3S6STS0912 1 36241 10 01 07 03 12 1500.0 1.5 25.0 50.0 30.0 1600.0 
R3S6STS1316 1 36242 10 01 07 03 13 1500.0 1.5 25.0 50.0 30.0 1600.0 
R3S6STS1720 1 36341 10 01 07 03 14 1500.0 1.5 25.0 50.0 30.0 1600.0 
R3S6STS2124 1 36342 10 01 07 03 15 1500.0 1.5 25.0 50.0 30.0 1600.0 
R3S6AXS0102 1 36131 10 01 07 03 16 1500.0 1.5 25.0 50.0 30.0 1600.0 
R3S6AXS0304 1 36132 10 01 07 03 17 1500.0 1.5 25.0 50.0 30.0 1600.0 
R3S6AXS0506 1 36133 10 01 07 03 18 1500.0 1.5 25.0 50.0 30.0 1600.0 
R3S6AXS0708 1 36134 10 01 07 03 19 1500.0 1.5 25.0 50.0 30.0 1600.0 
R3S6AXS0912 1 36231 10 01 07 03 20 1500.0 1.5 25.0 50.0 30.0 1600.0 
R3S6AXS1316 1 36232 10 01 07 03 21 1500.0 1.5 25.0 50.0 30.0 1600.0 
R3S6AXS1720 1 36331 10 01 07 03 22 1500.0 1.5 25.0 50.0 30.0 1600.0 
R3S6AXS2124 1 36332 10 01 07 03 23 1500.0 1.5 25.0 50.0 30.0 1600.0 
R2S1STG0004 1 21161 10 01 08 03 00 500.0 1.5 25.0 50.0 20.0 550.0 
R2S1AXG0104 1 21151 10 01 08 03 01 500.0 1.5 25.0 50.0 20.0 550.0 
R2S1STG0508 1 21261 10 01 08 03 02 500.0 1.5 25.0 50.0 20.0 550.0 
R2S1AXG0508 1 21251 10 01 08 03 03 500.0 1.5 25.0 50.0 20.0 550.0 
R2S1STG0912 1 21361 10 01 08 03 04 500.0 1.5 25.0 50.0 20.0 550.0 
R2S1AXG0912 1 21351 10 01 08 03 05 500.0 1.5 25.0 50.0 20.0 550.0 
R2S2STG0004 1 22161 10 01 08 03 06 500.0 1.5 25.0 50.0 20.0 550.0 
R2S2AXG0104 1 22151 10 01 08 03 07 500.0 1.5 25.0 50.0 20.0 550.0 
R2S2STG0508 1 22261 10 01 08 03 08 500.0 1.5 25.0 50.0 20.0 550.0 
R2S2AXG0508 1 22251 10 01 08 03 09 500.0 1.5 25.0 50.0 20.0 550.0 
R2S2STG0912 1 22361 10 01 08 03 10 500.0 1.5 25.0 50.0 20.0 550.0 
R2S2AXG0912 1 22351 10 01 08 03 11 500.0 1.5 25.0 50.0 20.0 550.0 
R2S6STG0004 1 26161 10 01 08 03 12 500.0 1.5 25.0 50.0 20.0 550.0 
R2S6AXG0104 1 26151 10 01 08 03 13 500.0 1.5 25.0 50.0 20.0 550.0 
R2S6STG0508 1 26261 10 01 08 03 14 500.0 1.5 25.0 50.0 20.0 550.0 
R2S6AXG0508 1 26251 10 01 08 03 15 500.0 1.5 25.0 50.0 20.0 550.0 
R2S6STG0912 1 26361 10 01 08 03 16 500.0 1.5 25.0 50.0 20.0 550.0 
R2S6AXG0912 1 26351 10 01 08 03 17 500.0 1.5 25.0 50.0 20.0 550.0 
DC_mf01_sl8_ch18 1 00000 10 01 8 03 18 633.0 1.5 25.0 50.0 30.0 700.0 
DC_mf01_sl8_ch19 1 00000 10 01 8 03 19 633.0 1.5 25.0 50.0 30.0 700.0 
DC_mf01_sl8_ch20 1 00000 10 01 8 03 20 633.0 1.5 25.0 50.0 30.0 700.0 
DC_mf01_sl8_ch21 1 00000 10 01 8 03 21 633.0 1.5 25.0 50.0 30.0 700.0 
DC_mf01_sl8_ch22 1 00000 10 01 8 03 22 633.0 1.5 25.0 50.0 30.0 700.0 
DC_mf01_sl8_ch23 1 00000 10 01 8 03 23 633.0 1.5 25.0 50.0 30.0 700.0 
R3S1STG0108 1 31161 10 01 09 03 00 535.0 1.5 25.0 50.0 20.0 600.0 
R3S1AXG0108 1 31151 10 01 09 03 01 535.0 1.5 25.0 50.0 20.0 600.0 
R3S1STG0916 1 31261 10 01 09 03 02 535.0 1.5 25.0 50.0 20.0 600.0 
R3S1AXG0916 1 31251 10 01 09 03 03 535.0 1.5 25.0 50.0 20.0 600.0 
R3S1STG1724 1 31361 10 01 09 03 04 535.0 1.5 25.0 50.0 20.0 600.0 
R3S1AXG1724 1 31351 10 01 09 03 05 535.0 1.5 25.0 50.0 20.0 600.0 
R3S2STG0108 1 32161 10 01 09 03 06 535.0 1.5 25.0 50.0 20.0 600.0 
R3S2AXG0108 1 32151 10 01 09 03 07 535.0 1.5 25.0 50.0 20.0 600.0 
R3S2STG0916 1 32261 10 01 09 03 08 535.0 1.5 25.0 50.0 20.0 600.0 
R3S2AXG0916 1 32251 10 01 09 03 09 535.0 1.5 25.0 50.0 20.0 600.0 
R3S2STG1724 1 32361 10 01 09 03 10 535.0 1.5 25.0 50.0 20.0 600.0 
R3S2AXG1724 1 32351 10 01 09 03 11 535.0 1.5 25.0 50.0 20.0 600.0 
R3S6STG0108 1 36161 10 01 09 03 12 535.0 1.5 25.0 50.0 20.0 600.0 
R3S6AXG0108 1 36151 10 01 09 03 13 535.0 1.5 25.0 50.0 20.0 600.0 
R3S6STG0916 1 36261 10 01 09 03 14 535.0 1.5 25.0 50.0 20.0 600.0 
R3S6AXG0916 1 36251 10 01 09 03 15 535.0 1.5 25.0 50.0 20.0 600.0 
R3S6STG1724 1 36361 10 01 09 03 16 535.0 1.5 25.0 50.0 20.0 600.0 
R3S6AXG1724 1 36351 10 01 09 03 17 535.0 1.5 25.0 50.0 20.0 600.0 
DC_mf01_sl9_ch18 1 00000 10 01 9 03 18 633.0 1.5 25.0 50.0 30.0 700.0 
DC_mf01_sl9_ch19 1 00000 10 01 9 03 19 633.0 1.5 25.0 50.0 30.0 700.0 
DC_mf01_sl9_ch20 1 00000 10 01 9 03 20 633.0 1.5 25.0 50.0 30.0 700.0 
DC_mf01_sl9_ch21 1 00000 10 01 9 03 21 633.0 1.5 25.0 50.0 30.0 700.0 
DC_mf01_sl9_ch22 1 00000 10 01 9 03 22 633.0 1.5 25.0 50.0 30.0 700.0 
DC_mf01_sl9_ch23 1 00000 10 01 9 03 23 633.0 1.5 25.0 50.0 30.0 700.0 
R1S1STS0101 2 11141 10 03 00 03 00 1266.0 1.5 25.0 50.0 30.0 1400.0 
R1S1STS0102 2 11142 10 03 00 03 01 1266.0 1.5 25.0 50.0 30.0 1400.0 
R1S1AXS0101 2 11131 10 03 00 03 02 1266.0 1.5 25.0 50.0 30.0 1400.0 
R1S1AXS0102 2 11132 10 03 00 03 03 1266.0 1.5 25.0 50.0 30.0 1400.0 
R1S1STS0202 2 11143 10 03 00 03 04 1266.0 1.5 25.0 50.0 30.0 1400.0 
R1S1STS0203 2 11144 10 03 00 03 05 1266.0 1.5 25.0 50.0 30.0 1400.0 
R1S1AXS0202 2 11133 10 03 00 03 06 1266.0 1.5 25.0 50.0 30.0 1400.0 
R1S1AXS0203 2 11134 10 03 00 03 07 1266.0 1.5 25.0 50.0 30.0 1400.0 
R1S1STS0303 2 11145 10 03 00 03 08 1266.0 1.5 25.0 50.0 30.0 1400.0 
R1S1STS0304 2 11146 10 03 00 03 09 1266.0 1.5 25.0 50.0 30.0 1400.0 
R1S1AXS0303 2 11135 10 03 00 03 10 1266.0 1.5 25.0 50.0 30.0 1400.0 
R1S1AXS0304 2 11136 10 03 00 03 11 1266.0 1.5 25.0 50.0 30.0 1400.0 
R1S1STS0404 2 11241 10 03 00 03 12 1266.0 1.5 25.0 50.0 30.0 1400.0 
R1S1STS0405 2 11242 10 03 00 03 13 1266.0 1.5 25.0 50.0 30.0 1400.0 
R1S1AXS0404 2 11231 10 03 00 03 14 1266.0 1.5 25.0 50.0 30.0 1400.0 
R1S1AXS0405 2 11232 10 03 00 03 15 1266.0 1.5 25.0 50.0 30.0 1400.0 
R1S1STS0506 2 11341 10 03 00 03 16 1266.0 1.5 25.0 50.0 30.0 1400.0 
R1S1STS0507 2 11342 10 03 00 03 17 1266.0 1.5 25.0 50.0 30.0 1400.0 
R1S1AXS0506 2 11331 10 03 00 03 18 1266.0 1.5 25.0 50.0 30.0 1400.0 
R1S1AXS0507 2 11332 10 03 00 03 19 1266.0 1.5 25.0 50.0 30.0 1400.0 
R1S1STG0103 2 11161 10 03 00 03 20 450.0 1.5 25.0 50.0 30.0 500.0 
R1S1AXG0103 2 11151 10 03 00 03 21 450.0 1.5 25.0 50.0 30.0 500.0 
R1S1STG0406 2 11361 10 03 00 03 22 450.0 1.5 25.0 50.0 30.0 500.0 
R1S1AXG0406 2 11351 10 03 00 03 23 450.0 1.5 25.0 50.0 30.0 500.0 
R1S2STS0101 2 12141 10 03 01 03 00 1266.0 1.5 25.0 50.0 30.0 1400.0 
R1S2STS0102 2 12142 10 03 01 03 01 1266.0 1.5 25.0 50.0 30.0 1400.0 
R1S2AXS0101 2 12131 10 03 01 03 02 1266.0 1.5 25.0 50.0 30.0 1400.0 
R1S2AXS0102 2 12132 10 03 01 03 03 1266.0 1.5 25.0 50.0 30.0 1400.0 
R1S2STS0202 2 12143 10 03 01 03 04 1266.0 1.5 25.0 50.0 30.0 1400.0 
R1S2STS0203 2 12144 10 03 01 03 05 1266.0 1.5 25.0 50.0 30.0 1400.0 
R1S2AXS0202 2 12133 10 03 01 03 06 1266.0 1.5 25.0 50.0 30.0 1400.0 
R1S2AXS0203 2 12134 10 03 01 03 07 1266.0 1.5 25.0 50.0 30.0 1400.0 
R1S2STS0303 2 12145 10 03 01 03 08 1266.0 1.5 25.0 50.0 30.0 1400.0 
R1S2STS0304 2 12146 10 03 01 03 09 1266.0 1.5 25.0 50.0 30.0 1400.0 
R1S2AXS0303 2 12135 10 03 01 03 10 1266.0 1.5 25.0 50.0 30.0 1400.0 
R1S2AXS0304 2 12136 10 03 01 03 11 1266.0 1.5 25.0 50.0 30.0 1400.0 
R1S2STS0404 2 12241 10 03 01 03 12 1266.0 1.5 25.0 50.0 30.0 1400.0 
R1S2STS0405 2 12242 10 03 01 03 13 1266.0 1.5 25.0 50.0 30.0 1400.0 
R1S2AXS0404 2 12231 10 03 01 03 14 1266.0 1.5 25.0 50.0 30.0 1400.0 
R1S2AXS0405 2 12232 10 03 01 03 15 1266.0 1.5 25.0 50.0 30.0 1400.0 
R1S2STS0506 2 12341 10 03 01 03 16 1266.0 1.5 25.0 50.0 30.0 1400.0 
R1S2STS0507 2 12342 10 03 01 03 17 1266.0 1.5 25.0 50.0 30.0 1400.0 
R1S2AXS0506 2 12331 10 03 01 03 18 1266.0 1.5 25.0 50.0 30.0 1400.0 
R1S2AXS0507 2 12332 10 03 01 03 19 1266.0 1.5 25.0 50.0 30.0 1400.0 
R1S2STG0103 2 12161 10 03 01 03 20 450.0 1.5 25.0 50.0 30.0 500.0 
R1S2AXG0103 2 12151 10 03 01 03 21 450.0 1.5 25.0 50.0 30.0 500.0 
R1S2STG0406 2 12361 10 03 01 03 22 450.0 1.5 25.0 50.0 30.0 500.0 
R1S2AXG0406 2 12351 10 03 01 03 23 450.0 1.5 25.0 50.0 30.0 500.0 
R1S3STS0101 2 13141 10 03 02 03 00 1266.0 1.5 25.0 50.0 30.0 1400.0 
R1S3STS0102 2 13142 10 03 02 03 01 1266.0 1.5 25.0 50.0 30.0 1400.0 
R1S3AXS0101 2 13131 10 03 02 03 02 1266.0 1.5 25.0 50.0 30.0 1400.0 
R1S3AXS0102 2 13132 10 03 02 03 03 1266.0 1.5 25.0 50.0 30.0 1400.0 
R1S3STS0202 2 13143 10 03 02 03 04 1266.0 1.5 25.0 50.0 30.0 1400.0 
R1S3STS0203 2 13144 10 03 02 03 05 1266.0 1.5 25.0 50.0 30.0 1400.0 
R1S3AXS0202 2 13133 10 03 02 03 06 1266.0 1.5 25.0 50.0 30.0 1400.0 
R1S3AXS0203 2 13134 10 03 02 03 07 1266.0 1.5 25.0 50.0 30.0 1400.0 
R1S3STS0303 2 13145 10 03 02 03 08 1266.0 1.5 25.0 50.0 30.0 1400.0 
R1S3STS0304 2 13146 10 03 02 03 09 1266.0 1.5 25.0 50.0 30.0 1400.0 
R1S3AXS0303 2 13135 10 03 02 03 10 1266.0 1.5 25.0 50.0 30.0 1400.0 
R1S3AXS0304 2 13136 10 03 02 03 11 1266.0 1.5 25.0 50.0 30.0 1400.0 
R1S3STS0404 2 13241 10 03 02 03 12 1266.0 1.5 25.0 50.0 30.0 1400.0 
R1S3STS0405 2 13242 10 03 02 03 13 1266.0 1.5 25.0 50.0 30.0 1400.0 
R1S3AXS0404 2 13231 10 03 02 03 14 1266.0 1.5 25.0 50.0 30.0 1400.0 
R1S3AXS0405 2 13232 10 03 02 03 15 1266.0 1.5 25.0 50.0 30.0 1400.0 
R1S3STS0506 2 13341 10 03 02 03 16 1266.0 1.5 25.0 50.0 30.0 1400.0 
R1S3STS0507 2 13342 10 03 02 03 17 1266.0 1.5 25.0 50.0 30.0 1400.0 
R1S3AXS0506 2 13331 10 03 02 03 18 1266.0 1.5 25.0 50.0 30.0 1400.0 
R1S3AXS0507 2 13332 10 03 02 03 19 1266.0 1.5 25.0 50.0 30.0 1400.0 
R1S3STG0103 2 13161 10 03 02 03 20 450.0 1.5 25.0 50.0 30.0 500.0 
R1S3AXG0103 2 13151 10 03 02 03 21 450.0 1.5 25.0 50.0 30.0 500.0 
R1S3STG0406 2 13361 10 03 02 03 22 450.0 1.5 25.0 50.0 30.0 500.0 
R1S3AXG0406 2 13351 10 03 02 03 23 450.0 1.5 25.0 50.0 30.0 500.0 
R1S4STS0101 2 14141 10 03 03 03 00 1266.0 1.5 25.0 50.0 30.0 1400.0 
R1S4STS0102 2 14142 10 03 03 03 01 1266.0 1.5 25.0 50.0 30.0 1400.0 
R1S4AXS0101 2 14131 10 03 03 03 02 1266.0 1.5 25.0 50.0 30.0 1400.0 
R1S4AXS0102 2 14132 10 03 03 03 03 1266.0 1.5 25.0 50.0 30.0 1400.0 
R1S4STS0202 2 14143 10 03 03 03 04 1266.0 1.5 25.0 50.0 30.0 1400.0 
R1S4STS0203 2 14144 10 03 03 03 05 1266.0 1.5 25.0 50.0 30.0 1400.0 
R1S4AXS0202 2 14133 10 03 03 03 06 1266.0 1.5 25.0 50.0 30.0 1400.0 
R1S4AXS0203 2 14134 10 03 03 03 07 1266.0 1.5 25.0 50.0 30.0 1400.0 
R1S4STS0303 2 14145 10 03 03 03 08 1266.0 1.5 25.0 50.0 30.0 1400.0 
R1S4STS0304 2 14146 10 03 03 03 09 1266.0 1.5 25.0 50.0 30.0 1400.0 
R1S4AXS0303 2 14135 10 03 03 03 10 1266.0 1.5 25.0 50.0 30.0 1400.0 
R1S4AXS0304 2 14136 10 03 03 03 11 1266.0 1.5 25.0 50.0 30.0 1400.0 
R1S4STS0404 2 14241 10 03 03 03 12 1266.0 1.5 25.0 50.0 30.0 1400.0 
R1S4STS0405 2 14242 10 03 03 03 13 1266.0 1.5 25.0 50.0 30.0 1400.0 
R1S4AXS0404 2 14231 10 03 03 03 14 1266.0 1.5 25.0 50.0 30.0 1400.0 
R1S4AXS0405 2 14232 10 03 03 03 15 1266.0 1.5 25.0 50.0 30.0 1400.0 
R1S4STS0506 2 14341 10 03 03 03 16 1266.0 1.5 25.0 50.0 30.0 1400.0 
R1S4STS0507 2 14342 10 03 03 03 17 1266.0 1.5 25.0 50.0 30.0 1400.0 
R1S4AXS0506 2 14331 10 03 03 03 18 1266.0 1.5 25.0 50.0 30.0 1400.0 
R1S4AXS0507 2 14332 10 03 03 03 19 1266.0 1.5 25.0 50.0 30.0 1400.0 
R1S4STG0103 2 14161 10 03 03 03 20 450.0 1.5 25.0 50.0 30.0 500.0 
R1S4AXG0103 2 14151 10 03 03 03 21 450.0 1.5 25.0 50.0 30.0 500.0 
R1S4STG0406 2 14361 10 03 03 03 22 450.0 1.5 25.0 50.0 30.0 500.0 
R1S4AXG0406 2 14351 10 03 03 03 23 450.0 1.5 25.0 50.0 30.0 500.0 
R1S5STS0101 2 15141 10 03 04 03 00 1266.0 1.5 25.0 50.0 30.0 1400.0 
R1S5STS0102 2 15142 10 03 04 03 01 1266.0 1.5 25.0 50.0 30.0 1400.0 
R1S5AXS0101 2 15131 10 03 04 03 02 1266.0 1.5 25.0 50.0 30.0 1400.0 
R1S5AXS0102 2 15132 10 03 04 03 03 1266.0 1.5 25.0 50.0 30.0 1400.0 
R1S5STS0202 2 15143 10 03 04 03 04 1266.0 1.5 25.0 50.0 30.0 1400.0 
R1S5STS0203 2 15144 10 03 04 03 05 1266.0 1.5 25.0 50.0 30.0 1400.0 
R1S5AXS0202 2 15133 10 03 04 03 06 1266.0 1.5 25.0 50.0 30.0 1400.0 
R1S5AXS0203 2 15134 10 03 04 03 07 1266.0 1.5 25.0 50.0 30.0 1400.0 
R1S5STS0303 2 15145 10 03 04 03 08 1266.0 1.5 25.0 50.0 30.0 1400.0 
R1S5STS0304 2 15146 10 03 04 03 09 1266.0 1.5 25.0 50.0 30.0 1400.0 
R1S5AXS0303 2 15135 10 03 04 03 10 1266.0 1.5 25.0 50.0 30.0 1400.0 
R1S5AXS0304 2 15136 10 03 04 03 11 1266.0 1.5 25.0 50.0 30.0 1400.0 
R1S5STS0404 2 15241 10 03 04 03 12 1266.0 1.5 25.0 50.0 30.0 1400.0 
R1S5STS0405 2 15242 10 03 04 03 13 1266.0 1.5 25.0 50.0 30.0 1400.0 
R1S5AXS0404 2 15231 10 03 04 03 14 1266.0 1.5 25.0 50.0 30.0 1400.0 
R1S5AXS0405 2 15232 10 03 04 03 15 1266.0 1.5 25.0 50.0 30.0 1400.0 
R1S5STS0506 2 15341 10 03 04 03 16 1266.0 1.5 25.0 50.0 30.0 1400.0 
R1S5STS0507 2 15342 10 03 04 03 17 1266.0 1.5 25.0 50.0 30.0 1400.0 
R1S5AXS0506 2 15331 10 03 04 03 18 1266.0 1.5 25.0 50.0 30.0 1400.0 
R1S5AXS0507 2 15332 10 03 04 03 19 1266.0 1.5 25.0 50.0 30.0 1400.0 
R1S5STG0103 2 15161 10 03 04 03 20 450.0 1.5 25.0 50.0 30.0 500.0 
R1S5AXG0103 2 15151 10 03 04 03 21 450.0 1.5 25.0 50.0 30.0 500.0 
R1S5STG0406 2 15361 10 03 04 03 22 450.0 1.5 25.0 50.0 30.0 500.0 
R1S5AXG0406 2 15351 10 03 04 03 23 450.0 1.5 25.0 50.0 30.0 500.0 
R1S6STS0101 2 16141 10 03 05 03 00 1266.0 1.5 25.0 50.0 30.0 1400.0 
R1S6STS0102 2 16142 10 03 05 03 01 1266.0 1.5 25.0 50.0 30.0 1400.0 
R1S6AXS0101 2 16131 10 03 05 03 02 1266.0 1.5 25.0 50.0 30.0 1400.0 
R1S6AXS0102 2 16132 10 03 05 03 03 1266.0 1.5 25.0 50.0 30.0 1400.0 
R1S6STS0202 2 16143 10 03 05 03 04 1266.0 1.5 25.0 50.0 30.0 1400.0 
R1S6STS0203 2 16144 10 03 05 03 05 1266.0 1.5 25.0 50.0 30.0 1400.0 
R1S6AXS0202 2 16133 10 03 05 03 06 1266.0 1.5 25.0 50.0 30.0 1400.0 
R1S6AXS0203 2 16134 10 03 05 03 07 1266.0 1.5 25.0 50.0 30.0 1400.0 
R1S6STS0303 2 16145 10 03 05 03 08 1266.0 1.5 25.0 50.0 30.0 1400.0 
R1S6STS0304 2 16146 10 03 05 03 09 1266.0 1.5 25.0 50.0 30.0 1400.0 
R1S6AXS0303 2 16135 10 03 05 03 10 1266.0 1.5 25.0 50.0 30.0 1400.0 
R1S6AXS0304 2 16136 10 03 05 03 11 1266.0 1.5 25.0 50.0 30.0 1400.0 
R1S6STS0404 2 16241 10 03 05 03 12 1266.0 1.5 25.0 50.0 30.0 1400.0 
R1S6STS0405 2 16242 10 03 05 03 13 1266.0 1.5 25.0 50.0 30.0 1400.0 
R1S6AXS0404 2 16231 10 03 05 03 14 1266.0 1.5 25.0 50.0 30.0 1400.0 
R1S6AXS0405 2 16232 10 03 05 03 15 1266.0 1.5 25.0 50.0 30.0 1400.0 
R1S6STS0506 2 16341 10 03 05 03 16 1266.0 1.5 25.0 50.0 30.0 1400.0 
R1S6STS0507 2 16342 10 03 05 03 17 1266.0 1.5 25.0 50.0 30.0 1400.0 
R1S6AXS0506 2 16331 10 03 05 03 18 1266.0 1.5 25.0 50.0 30.0 1400.0 
R1S6AXS0507 2 16332 10 03 05 03 19 1266.0 1.5 25.0 50.0 30.0 1400.0 
R1S6STG0103 2 16161 10 03 05 03 20 450.0 1.5 25.0 50.0 30.0 500.0 
R1S6AXG0103 2 16151 10 03 05 03 21 450.0 1.5 25.0 50.0 30.0 500.0 
R1S6STG0406 2 16361 10 03 05 03 22 450.0 1.5 25.0 50.0 30.0 500.0 
R1S6AXG0406 2 16351 10 03 05 03 23 450.0 1.5 25.0 50.0 30.0 500.0 
R1S1STF0102 2 -11121 10 03 06 03 00 633.0 1.5 25.0 50.0 30.0 700.0 
R1S1STF0103 2 -11122 10 03 06 03 01 633.0 1.5 25.0 50.0 30.0 700.0 
R1S1AXF0102 2 -11111 10 03 06 03 02 633.0 1.5 25.0 50.0 30.0 700.0 
R1S1AXF0103 2 -11112 10 03 06 03 03 633.0 1.5 25.0 50.0 30.0 700.0 
R1S1STF0303 2 -11123 10 03 06 03 04 633.0 1.5 25.0 50.0 30.0 700.0 
R1S1STF0304 2 -11124 10 03 06 03 05 633.0 1.5 25.0 50.0 30.0 700.0 
R1S1AXF0303 2 -11113 10 03 06 03 06 633.0 1.5 25.0 50.0 30.0 700.0 
R1S1AXF0304 2 -11114 10 03 06 03 07 633.0 1.5 25.0 50.0 30.0 700.0 
R1S1STF0404 2 -11221 10 03 06 03 08 633.0 1.5 25.0 50.0 30.0 700.0 
R1S1STF0405 2 -11222 10 03 06 03 09 633.0 1.5 25.0 50.0 30.0 700.0 
R1S1AXF0404 2 -11211 10 03 06 03 10 633.0 1.5 25.0 50.0 30.0 700.0 
R1S1AXF0405 2 -11212 10 03 06 03 11 633.0 1.5 25.0 50.0 30.0 700.0 
R1S1STF0506 2 -11321 10 03 06 03 12 633.0 1.5 25.0 50.0 30.0 700.0 
R1S1STF0507 2 -11322 10 03 06 03 13 633.0 1.5 25.0 50.0 30.0 700.0 
R1S1AXF0506 2 -11311 10 03 06 03 14 633.0 1.5 25.0 50.0 30.0 700.0 
R1S1AXF0507 2 -11312 10 03 06 03 15 633.0 1.5 25.0 50.0 30.0 700.0 
R1S5STF0102 2 -15121 10 03 06 03 16 633.0 1.5 25.0 50.0 30.0 700.0 
R1S5STF0103 2 -15122 10 03 06 03 17 633.0 1.5 25.0 50.0 30.0 700.0 
R1S5AXF0102 2 -15111 10 03 06 03 18 633.0 1.5 25.0 50.0 30.0 700.0 
R1S5AXF0103 2 -15112 10 03 06 03 19 633.0 1.5 25.0 50.0 30.0 700.0 
R1S5STF0303 2 -15123 10 03 06 03 20 633.0 1.5 25.0 50.0 30.0 700.0 
R1S5STF0304 2 -15124 10 03 06 03 21 633.0 1.5 25.0 50.0 30.0 700.0 
R1S5AXF0303 2 -15113 10 03 06 03 22 633.0 1.5 25.0 50.0 30.0 700.0 
R1S5AXF0304 2 -15114 10 03 06 03 23 633.0 1.5 25.0 50.0 30.0 700.0 
R1S2STF0102 2 -12121 10 03 07 03 00 633.0 1.5 25.0 50.0 30.0 700.0 
R1S2STF0103 2 -12122 10 03 07 03 01 633.0 1.5 25.0 50.0 30.0 700.0 
R1S2AXF0102 2 -12111 10 03 07 03 02 633.0 1.5 25.0 50.0 30.0 700.0 
R1S2AXF0103 2 -12112 10 03 07 03 03 633.0 1.5 25.0 50.0 30.0 700.0 
R1S2STF0303 2 -12123 10 03 07 03 04 633.0 1.5 25.0 50.0 30.0 700.0 
R1S2STF0304 2 -12124 10 03 07 03 05 633.0 1.5 25.0 50.0 30.0 700.0 
R1S2AXF0303 2 -12113 10 03 07 03 06 633.0 1.5 25.0 50.0 30.0 700.0 
R1S2AXF0304 2 -12114 10 03 07 03 07 633.0 1.5 25.0 50.0 30.0 700.0 
R1S2STF0404 2 -12221 10 03 07 03 08 633.0 1.5 25.0 50.0 30.0 700.0 
R1S2STF0405 2 -12222 10 03 07 03 09 633.0 1.5 25.0 50.0 30.0 700.0 
R1S2AXF0404 2 -12211 10 03 07 03 10 633.0 1.5 25.0 50.0 30.0 700.0 
R1S2AXF0405 2 -12212 10 03 07 03 11 633.0 1.5 25.0 50.0 30.0 700.0 
R1S2STF0506 2 -12321 10 03 07 03 12 633.0 1.5 25.0 50.0 30.0 700.0 
R1S2STF0507 2 -12322 10 03 07 03 13 633.0 1.5 25.0 50.0 30.0 700.0 
R1S2AXF0506 2 -12311 10 03 07 03 14 633.0 1.5 25.0 50.0 30.0 700.0 
R1S2AXF0507 2 -12312 10 03 07 03 15 633.0 1.5 25.0 50.0 30.0 700.0 
R1S5STF0404 2 -15221 10 03 07 03 16 633.0 1.5 25.0 50.0 30.0 700.0 
R1S5STF0405 2 -15222 10 03 07 03 17 633.0 1.5 25.0 50.0 30.0 700.0 
R1S5AXF0404 2 -15211 10 03 07 03 18 633.0 1.5 25.0 50.0 30.0 700.0 
R1S5AXF0405 2 -15212 10 03 07 03 19 633.0 1.5 25.0 50.0 30.0 700.0 
R1S5STF0506 2 -15321 10 03 07 03 20 633.0 1.5 25.0 50.0 30.0 700.0 
R1S5STF0507 2 -15322 10 03 07 03 21 633.0 1.5 25.0 50.0 30.0 700.0 
R1S5AXF0506 2 -15311 10 03 07 03 22 633.0 1.5 25.0 50.0 30.0 700.0 
R1S5AXF0507 2 -15312 10 03 07 03 23 633.0 1.5 25.0 50.0 30.0 700.0 
R1S3STF0102 2 -13121 10 03 08 03 00 633.0 1.5 25.0 50.0 30.0 700.0 
R1S3STF0103 2 -13122 10 03 08 03 01 633.0 1.5 25.0 50.0 30.0 700.0 
R1S3AXF0102 2 -13111 10 03 08 03 02 633.0 1.5 25.0 50.0 30.0 700.0 
R1S3AXF0103 2 -13112 10 03 08 03 03 633.0 1.5 25.0 50.0 30.0 700.0 
R1S3STF0303 2 -13123 10 03 08 03 04 633.0 1.5 25.0 50.0 30.0 700.0 
R1S3STF0304 2 -13124 10 03 08 03 05 633.0 1.5 25.0 50.0 30.0 700.0 
R1S3AXF0303 2 -13113 10 03 08 03 06 633.0 1.5 25.0 50.0 30.0 700.0 
R1S3AXF0304 2 -13114 10 03 08 03 07 633.0 1.5 25.0 50.0 30.0 700.0 
R1S3STF0404 2 -13221 10 03 08 03 08 633.0 1.5 25.0 50.0 30.0 700.0 
R1S3STF0405 2 -13222 10 03 08 03 09 633.0 1.5 25.0 50.0 30.0 700.0 
R1S3AXF0404 2 -13211 10 03 08 03 10 633.0 1.5 25.0 50.0 30.0 700.0 
R1S3AXF0405 2 -13212 10 03 08 03 11 633.0 1.5 25.0 50.0 30.0 700.0 
R1S3STF0506 2 -13321 10 03 08 03 12 633.0 1.5 25.0 50.0 30.0 700.0 
R1S3STF0507 2 -13322 10 03 08 03 13 633.0 1.5 25.0 50.0 30.0 700.0 
R1S3AXF0506 2 -13311 10 03 08 03 14 633.0 1.5 25.0 50.0 30.0 700.0 
R1S3AXF0507 2 -13312 10 03 08 03 15 633.0 1.5 25.0 50.0 30.0 700.0 
R1S6STF0102 2 -16121 10 03 08 03 16 633.0 1.5 25.0 50.0 30.0 700.0 
R1S6STF0103 2 -16122 10 03 08 03 17 633.0 1.5 25.0 50.0 30.0 700.0 
R1S6AXF0102 2 -16111 10 03 08 03 18 633.0 1.5 25.0 50.0 30.0 700.0 
R1S6AXF0103 2 -16112 10 03 08 03 19 633.0 1.5 25.0 50.0 30.0 700.0 
R1S6STF0303 2 -16123 10 03 08 03 20 633.0 1.5 25.0 50.0 30.0 700.0 
R1S6STF0304 2 -16124 10 03 08 03 21 633.0 1.5 25.0 50.0 30.0 700.0 
R1S6AXF0303 2 -16113 10 03 08 03 22 633.0 1.5 25.0 50.0 30.0 700.0 
R1S6AXF0304 2 -16114 10 03 08 03 23 633.0 1.5 25.0 50.0 30.0 700.0 
R1S4STF0102 2 -14121 10 03 09 03 00 633.0 1.5 25.0 50.0 30.0 700.0 
R1S4STF0103 2 -14122 10 03 09 03 01 633.0 1.5 25.0 50.0 30.0 700.0 
R1S4AXF0102 2 -14111 10 03 09 03 02 633.0 1.5 25.0 50.0 30.0 700.0 
R1S4AXF0103 2 -14112 10 03 09 03 03 633.0 1.5 25.0 50.0 30.0 700.0 
R1S4STF0303 2 -14123 10 03 09 03 04 633.0 1.5 25.0 50.0 30.0 700.0 
R1S4STF0304 2 -14124 10 03 09 03 05 633.0 1.5 25.0 50.0 30.0 700.0 
R1S4AXF0303 2 -14113 10 03 09 03 06 633.0 1.5 25.0 50.0 30.0 700.0 
R1S4AXF0304 2 -14114 10 03 09 03 07 633.0 1.5 25.0 50.0 30.0 700.0 
R1S4STF0404 2 -14221 10 03 09 03 08 633.0 1.5 25.0 50.0 30.0 700.0 
R1S4STF0405 2 -14222 10 03 09 03 09 633.0 1.5 25.0 50.0 30.0 700.0 
R1S4AXF0404 2 -14211 10 03 09 03 10 633.0 1.5 25.0 50.0 30.0 700.0 
R1S4AXF0405 2 -14212 10 03 09 03 11 633.0 1.5 25.0 50.0 30.0 700.0 
R1S4STF0506 2 -14321 10 03 09 03 12 633.0 1.5 25.0 50.0 30.0 700.0 
R1S4STF0507 2 -14322 10 03 09 03 13 633.0 1.5 25.0 50.0 30.0 700.0 
R1S4AXF0506 2 -14311 10 03 09 03 14 633.0 1.5 25.0 50.0 30.0 700.0 
R1S4AXF0507 2 -14312 10 03 09 03 15 633.0 1.5 25.0 50.0 30.0 700.0 
R1S6STF0404 2 -16221 10 03 09 03 16 633.0 1.5 25.0 50.0 30.0 700.0 
R1S6STF0405 2 -16222 10 03 09 03 17 633.0 1.5 25.0 50.0 30.0 700.0 
R1S6AXF0404 2 -16211 10 03 09 03 18 633.0 1.5 25.0 50.0 30.0 700.0 
R1S6AXF0405 2 -16212 10 03 09 03 19 633.0 1.5 25.0 50.0 30.0 700.0 
R1S6STF0506 2 -16321 10 03 09 03 20 633.0 1.5 25.0 50.0 30.0 700.0 
R1S6STF0507 2 -16322 10 03 09 03 21 633.0 1.5 25.0 50.0 30.0 700.0 
R1S6AXF0506 2 -16311 10 03 09 03 22 633.0 1.5 25.0 50.0 30.0 700.0 
R1S6AXF0507 2 -16312 10 03 09 03 23 633.0 1.5 25.0 50.0 30.0 700.0 
R2S3STF0001 3 -23121 10 04 00 03 00 700.0 1.5 25.0 50.0 30.0 750.0 
R2S3STF0202 3 -23122 10 04 00 03 01 700.0 1.5 25.0 50.0 30.0 750.0 
R2S3STF0303 3 -23123 10 04 00 03 02 700.0 1.5 25.0 50.0 30.0 750.0 
R2S3STF0404 3 -23124 10 04 00 03 03 700.0 1.5 25.0 50.0 30.0 750.0 
R2S3STF0506 3 -23221 10 04 00 03 04 700.0 1.5 25.0 50.0 30.0 750.0 
R2S3STF0708 3 -23222 10 04 00 03 05 700.0 1.5 25.0 50.0 30.0 750.0 
R2S3STF0910 3 -23321 10 04 00 03 06 700.0 1.5 25.0 50.0 30.0 750.0 
R2S3STF1112 3 -23322 10 04 00 03 07 700.0 1.5 25.0 50.0 30.0 750.0 
R2S3AXF0101 3 -23111 10 04 00 03 08 700.0 1.5 25.0 50.0 30.0 750.0 
R2S3AXF0202 3 -23112 10 04 00 03 09 700.0 1.5 25.0 50.0 30.0 750.0 
R2S3AXF0303 3 -23113 10 04 00 03 10 700.0 1.5 25.0 50.0 30.0 750.0 
R2S3AXF0404 3 -23114 10 04 00 03 11 700.0 1.5 25.0 50.0 30.0 750.0 
R2S3AXF0506 3 -23211 10 04 00 03 12 700.0 1.5 25.0 50.0 30.0 750.0 
R2S3AXF0708 3 -23212 10 04 00 03 13 700.0 1.5 25.0 50.0 30.0 750.0 
R2S3AXF0910 3 -23311 10 04 00 03 14 700.0 1.5 25.0 50.0 30.0 750.0 
R2S3AXF1112 3 -23312 10 04 00 03 15 700.0 1.5 25.0 50.0 30.0 750.0 
R2S4STF0001 3 -24121 10 04 00 03 16 700.0 1.5 25.0 50.0 30.0 750.0 
R2S4STF0202 3 -24122 10 04 00 03 17 700.0 1.5 25.0 50.0 30.0 750.0 
R2S4STF0303 3 -24123 10 04 00 03 18 700.0 1.5 25.0 50.0 30.0 750.0 
R2S4STF0404 3 -24124 10 04 00 03 19 700.0 1.5 25.0 50.0 30.0 750.0 
R2S4STF0506 3 -24221 10 04 00 03 20 700.0 1.5 25.0 50.0 30.0 750.0 
R2S4STF0708 3 -24222 10 04 00 03 21 700.0 1.5 25.0 50.0 30.0 750.0 
R2S4STF0910 3 -24321 10 04 00 03 22 700.0 1.5 25.0 50.0 30.0 750.0 
R2S4STF1112 3 -24322 10 04 00 03 23 700.0 1.5 25.0 50.0 30.0 750.0 
R2S4AXF0101 3 -24111 10 04 01 03 00 700.0 1.5 25.0 50.0 30.0 750.0 
R2S4AXF0202 3 -24112 10 04 01 03 01 700.0 1.5 25.0 50.0 30.0 750.0 
R2S4AXF0303 3 -24113 10 04 01 03 02 700.0 1.5 25.0 50.0 30.0 750.0 
R2S4AXF0404 3 -24114 10 04 01 03 03 700.0 1.5 25.0 50.0 30.0 750.0 
R2S4AXF0506 3 -24211 10 04 01 03 04 700.0 1.5 25.0 50.0 30.0 750.0 
R2S4AXF0708 3 -24212 10 04 01 03 05 700.0 1.5 25.0 50.0 30.0 750.0 
R2S4AXF0910 3 -24311 10 04 01 03 06 700.0 1.5 25.0 50.0 30.0 750.0 
R2S4AXF1112 3 -24312 10 04 01 03 07 700.0 1.5 25.0 50.0 30.0 750.0 
R2S5STF0001 3 -25121 10 04 01 03 08 700.0 1.5 25.0 50.0 30.0 750.0 
R2S5STF0202 3 -25122 10 04 01 03 09 700.0 1.5 25.0 50.0 30.0 750.0 
R2S5STF0303 3 -25123 10 04 01 03 10 700.0 1.5 25.0 50.0 30.0 750.0 
R2S5STF0404 3 -25124 10 04 01 03 11 700.0 1.5 25.0 50.0 30.0 750.0 
R2S5STF0506 3 -25221 10 04 01 03 12 700.0 1.5 25.0 50.0 30.0 750.0 
R2S5STF0708 3 -25222 10 04 01 03 13 700.0 1.5 25.0 50.0 30.0 750.0 
R2S5STF0910 3 -25321 10 04 01 03 14 700.0 1.5 25.0 50.0 30.0 750.0 
R2S5STF1112 3 -25322 10 04 01 03 15 700.0 1.5 25.0 50.0 30.0 750.0 
R2S5AXF0101 3 -25111 10 04 01 03 16 700.0 1.5 25.0 50.0 30.0 750.0 
R2S5AXF0202 3 -25112 10 04 01 03 17 700.0 1.5 25.0 50.0 30.0 750.0 
R2S5AXF0303 3 -25113 10 04 01 03 18 700.0 1.5 25.0 50.0 30.0 750.0 
R2S5AXF0404 3 -25114 10 04 01 03 19 700.0 1.5 25.0 50.0 30.0 750.0 
R2S5AXF0506 3 -25211 10 04 01 03 20 700.0 1.5 25.0 50.0 30.0 750.0 
R2S5AXF0708 3 -25212 10 04 01 03 21 700.0 1.5 25.0 50.0 30.0 750.0 
R2S5AXF0910 3 -25311 10 04 01 03 22 700.0 1.5 25.0 50.0 30.0 750.0 
R2S5AXF1112 3 -25312 10 04 01 03 23 700.0 1.5 25.0 50.0 30.0 750.0 
R3S3STF0102 3 -33121 10 04 02 03 00 750.0 1.5 25.0 50.0 30.0 800.0 
R3S3STF0304 3 -33122 10 04 02 03 01 750.0 1.5 25.0 50.0 30.0 800.0 
R3S3STF0506 3 -33123 10 04 02 03 02 750.0 1.5 25.0 50.0 30.0 800.0 
R3S3STF0708 3 -33124 10 04 02 03 03 750.0 1.5 25.0 50.0 30.0 800.0 
R3S3STF0912 3 -33221 10 04 02 03 04 750.0 1.5 25.0 50.0 30.0 800.0 
R3S3STF1316 3 -33222 10 04 02 03 05 750.0 1.5 25.0 50.0 30.0 800.0 
R3S3STF1720 3 -33321 10 04 02 03 06 750.0 1.5 25.0 50.0 30.0 800.0 
R3S3STF2124 3 -33322 10 04 02 03 07 750.0 1.5 25.0 50.0 30.0 800.0 
R3S3AXF0102 3 -33111 10 04 02 03 08 750.0 1.5 25.0 50.0 30.0 800.0 
R3S3AXF0304 3 -33112 10 04 02 03 09 750.0 1.5 25.0 50.0 30.0 800.0 
R3S3AXF0506 3 -33113 10 04 02 03 10 750.0 1.5 25.0 50.0 30.0 800.0 
R3S3AXF0708 3 -33114 10 04 02 03 11 750.0 1.5 25.0 50.0 30.0 800.0 
R3S3AXF0912 3 -33211 10 04 02 03 12 750.0 1.5 25.0 50.0 30.0 800.0 
R3S3AXF1316 3 -33212 10 04 02 03 13 750.0 1.5 25.0 50.0 30.0 800.0 
R3S3AXF1720 3 -33311 10 04 02 03 14 750.0 1.5 25.0 50.0 30.0 800.0 
R3S3AXF2124 3 -33312 10 04 02 03 15 750.0 1.5 25.0 50.0 30.0 800.0 
R3S4STF0102 3 -34121 10 04 02 03 16 750.0 1.5 25.0 50.0 30.0 800.0 
R3S4STF0204 3 -34122 10 04 02 03 17 750.0 1.5 25.0 50.0 30.0 800.0 
R3S4STF0506 3 -34123 10 04 02 03 18 750.0 1.5 25.0 50.0 30.0 800.0 
R3S4STF0708 3 -34124 10 04 02 03 19 750.0 1.5 25.0 50.0 30.0 800.0 
R3S4STF0912 3 -34221 10 04 02 03 20 750.0 1.5 25.0 50.0 30.0 800.0 
R3S4STF1316 3 -34222 10 04 02 03 21 750.0 1.5 25.0 50.0 30.0 800.0 
R3S4STF1720 3 -34321 10 04 02 03 22 750.0 1.5 25.0 50.0 30.0 800.0 
R3S4STF2124 3 -34322 10 04 02 03 23 750.0 1.5 25.0 50.0 30.0 800.0 
R3S4AXF0102 3 -34111 10 04 03 03 00 750.0 1.5 25.0 50.0 30.0 800.0 
R3S4AXF0304 3 -34112 10 04 03 03 01 750.0 1.5 25.0 50.0 30.0 800.0 
R3S4AXF0506 3 -34113 10 04 03 03 02 750.0 1.5 25.0 50.0 30.0 800.0 
R3S4AXF0708 3 -34114 10 04 03 03 03 750.0 1.5 25.0 50.0 30.0 800.0 
R3S4AXF0912 3 -34211 10 04 03 03 04 750.0 1.5 25.0 50.0 30.0 800.0 
R3S4AXF1316 3 -34212 10 04 03 03 05 750.0 1.5 25.0 50.0 30.0 800.0 
R3S4AXF1720 3 -34311 10 04 03 03 06 750.0 1.5 25.0 50.0 30.0 800.0 
R3S4AXF2124 3 -34312 10 04 03 03 07 750.0 1.5 25.0 50.0 30.0 800.0 
R3S5STF0102 3 -35121 10 04 03 03 08 750.0 1.5 25.0 50.0 30.0 800.0 
R3S5STF0304 3 -35122 10 04 03 03 09 750.0 1.5 25.0 50.0 30.0 800.0 
R3S5STF0506 3 -35123 10 04 03 03 10 750.0 1.5 25.0 50.0 30.0 800.0 
R3S5STF0708 3 -35124 10 04 03 03 11 750.0 1.5 25.0 50.0 30.0 800.0 
R3S5STF0912 3 -35221 10 04 03 03 12 750.0 1.5 25.0 50.0 30.0 800.0 
R3S5STF1316 3 -35222 10 04 03 03 13 750.0 1.5 25.0 50.0 30.0 800.0 
R3S5STF1720 3 -35321 10 04 03 03 14 750.0 1.5 25.0 50.0 30.0 800.0 
R3S5STF2124 3 -35322 10 04 03 03 15 750.0 1.5 25.0 50.0 30.0 800.0 
R3S5AXF0102 3 -35111 10 04 03 03 16 750.0 1.5 25.0 50.0 30.0 800.0 
R3S5AXF0304 3 -35112 10 04 03 03 17 750.0 1.5 25.0 50.0 30.0 800.0 
R3S5AXF0506 3 -35113 10 04 03 03 18 750.0 1.5 25.0 50.0 30.0 800.0 
R3S5AXF0708 3 -35114 10 04 03 03 19 750.0 1.5 25.0 50.0 30.0 800.0 
R3S5AXF0912 3 -35211 10 04 03 03 20 750.0 1.5 25.0 50.0 30.0 800.0 
R3S5AXF1316 3 -35212 10 04 03 03 21 750.0 1.5 25.0 50.0 30.0 800.0 
R3S5AXF1720 3 -35311 10 04 03 03 22 750.0 1.5 25.0 50.0 30.0 800.0 
R3S5AXF2124 3 -35312 10 04 03 03 23 750.0 1.5 25.0 50.0 30.0 800.0 
R2S3STS0001 3 23141 10 04 04 03 00 1400.0 1.5 25.0 50.0 30.0 1500.0 
R2S3STS0202 3 23142 10 04 04 03 01 1400.0 1.5 25.0 50.0 30.0 1500.0 
R2S3STS0303 3 23143 10 04 04 03 02 1400.0 1.5 25.0 50.0 30.0 1500.0 
R2S3STS0404 3 23144 10 04 04 03 03 1400.0 1.5 25.0 50.0 30.0 1500.0 
R2S3STS0506 3 23241 10 04 04 03 04 1400.0 1.5 25.0 50.0 30.0 1500.0 
R2S3STS0708 3 23242 10 04 04 03 05 1400.0 1.5 25.0 50.0 30.0 1500.0 
R2S3STS0910 3 23341 10 04 04 03 06 1400.0 1.5 25.0 50.0 30.0 1500.0 
R2S3STS1112 3 23342 10 04 04 03 07 1400.0 1.5 25.0 50.0 30.0 1500.0 
R2S3AXS0101 3 23131 10 04 04 03 08 1400.0 1.5 25.0 50.0 30.0 1500.0 
R2S3AXS0202 3 23132 10 04 04 03 09 1400.0 1.5 25.0 50.0 30.0 1500.0 
R2S3AXS0303 3 23133 10 04 04 03 10 1400.0 1.5 25.0 50.0 30.0 1500.0 
R2S3AXS0404 3 23134 10 04 04 03 11 1400.0 1.5 25.0 50.0 30.0 1500.0 
R2S3AXS0506 3 23231 10 04 04 03 12 1400.0 1.5 25.0 50.0 30.0 1500.0 
R2S3AXS0708 3 23232 10 04 04 03 13 1400.0 1.5 25.0 50.0 30.0 1500.0 
R2S3AXS0910 3 23331 10 04 04 03 14 1400.0 1.5 25.0 50.0 30.0 1500.0 
R2S3AXS1112 3 23332 10 04 04 03 15 1400.0 1.5 25.0 50.0 30.0 1500.0 
R2S4STS0001 3 24141 10 04 04 03 16 1400.0 1.5 25.0 50.0 30.0 1500.0 
R2S4STS0202 3 24142 10 04 04 03 17 1400.0 1.5 25.0 50.0 30.0 1500.0 
R2S4STS0303 3 24143 10 04 04 03 18 1400.0 1.5 25.0 50.0 30.0 1500.0 
R2S4STS0404 3 24144 10 04 04 03 19 1400.0 1.5 25.0 50.0 30.0 1500.0 
R2S4STS0506 3 24241 10 04 04 03 20 1400.0 1.5 25.0 50.0 30.0 1500.0 
R2S4STS0708 3 24242 10 04 04 03 21 1400.0 1.5 25.0 50.0 30.0 1500.0 
R2S4STS0910 3 24341 10 04 04 03 22 1400.0 1.5 25.0 50.0 30.0 1500.0 
R2S4STS1112 3 24342 10 04 04 03 23 1400.0 1.5 25.0 50.0 30.0 1500.0 
R2S4AXS0101 3 24131 10 04 05 03 00 1400.0 1.5 25.0 50.0 30.0 1500.0 
R2S4AXS0202 3 24132 10 04 05 03 01 1400.0 1.5 25.0 50.0 30.0 1500.0 
R2S4AXS0303 3 24133 10 04 05 03 02 1400.0 1.5 25.0 50.0 30.0 1500.0 
R2S4AXS0404 3 24134 10 04 05 03 03 1400.0 1.5 25.0 50.0 30.0 1500.0 
R2S4AXS0506 3 24231 10 04 05 03 04 1400.0 1.5 25.0 50.0 30.0 1500.0 
R2S4AXS0708 3 24232 10 04 05 03 05 1400.0 1.5 25.0 50.0 30.0 1500.0 
R2S4AXS0910 3 24331 10 04 05 03 06 1400.0 1.5 25.0 50.0 30.0 1500.0 
R2S4AXS1112 3 24332 10 04 05 03 07 1400.0 1.5 25.0 50.0 30.0 1500.0 
R2S5STS0001 3 25141 10 04 05 03 08 1400.0 1.5 25.0 50.0 30.0 1500.0 
R2S5STS0202 3 25142 10 04 05 03 09 1400.0 1.5 25.0 50.0 30.0 1500.0 
R2S5STS0303 3 25143 10 04 05 03 10 1400.0 1.5 25.0 50.0 30.0 1500.0 
R2S5STS0404 3 25144 10 04 05 03 11 1400.0 1.5 25.0 50.0 30.0 1500.0 
R2S5STS0506 3 25241 10 04 05 03 12 1400.0 1.5 25.0 50.0 30.0 1500.0 
R2S5STS0708 3 25242 10 04 05 03 13 1400.0 1.5 25.0 50.0 30.0 1500.0 
R2S5STS0910 3 25341 10 04 05 03 14 1400.0 1.5 25.0 50.0 30.0 1500.0 
R2S5STS1112 3 25342 10 04 05 03 15 1400.0 1.5 25.0 50.0 30.0 1500.0 
R2S5AXS0101 3 25131 10 04 05 03 16 1400.0 1.5 25.0 50.0 30.0 1500.0 
R2S5AXS0202 3 25132 10 04 05 03 17 1400.0 1.5 25.0 50.0 30.0 1500.0 
R2S5AXS0303 3 25133 10 04 05 03 18 1400.0 1.5 25.0 50.0 30.0 1500.0 
R2S5AXS0404 3 25134 10 04 05 03 19 1400.0 1.5 25.0 50.0 30.0 1500.0 
R2S5AXS0506 3 25231 10 04 05 03 20 1400.0 1.5 25.0 50.0 30.0 1500.0 
R2S5AXS0708 3 25232 10 04 05 03 21 1400.0 1.5 25.0 50.0 30.0 1500.0 
R2S5AXS0910 3 25331 10 04 05 03 22 1400.0 1.5 25.0 50.0 30.0 1500.0 
R2S5AXS1112 3 25332 10 04 05 03 23 1400.0 1.5 25.0 50.0 30.0 1500.0 
R3S3STS0102 3 33141 10 04 06 03 00 1500.0 1.5 25.0 50.0 30.0 1600.0 
R3S3STS0304 3 33142 10 04 06 03 01 1500.0 1.5 25.0 50.0 30.0 1600.0 
R3S3STS0506 3 33143 10 04 06 03 02 1500.0 1.5 25.0 50.0 30.0 1600.0 
R3S3STS0708 3 33144 10 04 06 03 03 1500.0 1.5 25.0 50.0 30.0 1600.0 
R3S3STS0912 3 33241 10 04 06 03 04 1500.0 1.5 25.0 50.0 30.0 1600.0 
R3S3STS1316 3 33242 10 04 06 03 05 1500.0 1.5 25.0 50.0 30.0 1600.0 
R3S3STS1720 3 33341 10 04 06 03 06 1500.0 1.5 25.0 50.0 30.0 1600.0 
R3S3STS2124 3 33342 10 04 06 03 07 1500.0 1.5 25.0 50.0 30.0 1600.0 
R3S3AXS0102 3 33131 10 04 06 03 08 1500.0 1.5 25.0 50.0 30.0 1600.0 
R3S3AXS0304 3 33132 10 04 06 03 09 1500.0 1.5 25.0 50.0 30.0 1600.0 
R3S3AXS0506 3 33133 10 04 06 03 10 1500.0 1.5 25.0 50.0 30.0 1600.0 
R3S3AXS0708 3 33134 10 04 06 03 11 1500.0 1.5 25.0 50.0 30.0 1600.0 
R3S3AXS0912 3 33231 10 04 06 03 12 1500.0 1.5 25.0 50.0 30.0 1600.0 
R3S3AXS1316 3 33232 10 04 06 03 13 1500.0 1.5 25.0 50.0 30.0 1600.0 
R3S3AXS1720 3 33331 10 04 06 03 14 1500.0 1.5 25.0 50.0 30.0 1600.0 
R3S3AXS2124 3 33332 10 04 06 03 15 1500.0 1.5 25.0 50.0 30.0 1600.0 
R3S4STS0102 3 34141 10 04 06 03 16 1500.0 1.5 25.0 50.0 30.0 1600.0 
R3S4STS0204 3 34142 10 04 06 03 17 1500.0 1.5 25.0 50.0 30.0 1600.0 
R3S4STS0506 3 34143 10 04 06 03 18 1500.0 1.5 25.0 50.0 30.0 1600.0 
R3S4STS0708 3 34144 10 04 06 03 19 1500.0 1.5 25.0 50.0 30.0 1600.0 
R3S4STS0912 3 34241 10 04 06 03 20 1500.0 1.5 25.0 50.0 30.0 1600.0 
R3S4STS1316 3 34242 10 04 06 03 21 1500.0 1.5 25.0 50.0 30.0 1600.0 
R3S4STS1720 3 34341 10 04 06 03 22 1500.0 1.5 25.0 50.0 30.0 1600.0 
R3S4STS2124 3 34342 10 04 06 03 23 1500.0 1.5 25.0 50.0 30.0 1600.0 
R3S4AXS0102 3 34131 10 04 07 03 00 1500.0 1.5 25.0 50.0 30.0 1600.0 
R3S4AXS0304 3 34132 10 04 07 03 01 1500.0 1.5 25.0 50.0 30.0 1600.0 
R3S4AXS0506 3 34133 10 04 07 03 02 1500.0 1.5 25.0 50.0 30.0 1600.0 
R3S4AXS0708 3 34134 10 04 07 03 03 1500.0 1.5 25.0 50.0 30.0 1600.0 
R3S4AXS0912 3 34231 10 04 07 03 04 1500.0 1.5 25.0 50.0 30.0 1600.0 
R3S4AXS1316 3 34232 10 04 07 03 05 1500.0 1.5 25.0 50.0 30.0 1600.0 
R3S4AXS1720 3 34331 10 04 07 03 06 1500.0 1.5 25.0 50.0 30.0 1600.0 
R3S4AXS2124 3 34332 10 04 07 03 07 1500.0 1.5 25.0 50.0 30.0 1600.0 
R3S5STS0102 3 35141 10 04 07 03 08 1500.0 1.5 25.0 50.0 30.0 1600.0 
R3S5STS0304 3 35142 10 04 07 03 09 1500.0 1.5 25.0 50.0 30.0 1600.0 
R3S5STS0506 3 35143 10 04 07 03 10 1500.0 1.5 25.0 50.0 30.0 1600.0 
R3S5STS0708 3 35144 10 04 07 03 11 1500.0 1.5 25.0 50.0 30.0 1600.0 
R3S5STS0912 3 35241 10 04 07 03 12 1500.0 1.5 25.0 50.0 30.0 1600.0 
R3S5STS1316 3 35242 10 04 07 03 13 1500.0 1.5 25.0 50.0 30.0 1600.0 
R3S5STS1720 3 35341 10 04 07 03 14 1500.0 1.5 25.0 50.0 30.0 1600.0 
R3S5STS2124 3 35342 10 04 07 03 15 1500.0 1.5 25.0 50.0 30.0 1600.0 
R3S5AXS0102 3 35131 10 04 07 03 16 1500.0 1.5 25.0 50.0 30.0 1600.0 
R3S5AXS0304 3 35132 10 04 07 03 17 1500.0 1.5 25.0 50.0 30.0 1600.0 
R3S5AXS0506 3 35133 10 04 07 03 18 1500.0 1.5 25.0 50.0 30.0 1600.0 
R3S5AXS0708 3 35134 10 04 07 03 19 1500.0 1.5 25.0 50.0 30.0 1600.0 
R3S5AXS0912 3 35231 10 04 07 03 20 1500.0 1.5 25.0 50.0 30.0 1600.0 
R3S5AXS1316 3 35232 10 04 07 03 21 1500.0 1.5 25.0 50.0 30.0 1600.0 
R3S5AXS1720 3 35331 10 04 07 03 22 1500.0 1.5 25.0 50.0 30.0 1600.0 
R3S5AXS2124 3 35332 10 04 07 03 23 1500.0 1.5 25.0 50.0 30.0 1600.0 
R2S3STG0004 3 23161 10 04 08 03 00 500.0 1.5 25.0 50.0 20.0 550.0 
R2S3AXG0104 3 23151 10 04 08 03 01 500.0 1.5 25.0 50.0 20.0 550.0 
R2S3STG0508 3 23261 10 04 08 03 02 500.0 1.5 25.0 50.0 20.0 550.0 
R2S3AXG0508 3 23251 10 04 08 03 03 500.0 1.5 25.0 50.0 20.0 550.0 
R2S3STG0912 3 23361 10 04 08 03 04 500.0 1.5 25.0 50.0 20.0 550.0 
R2S3AXG0912 3 23351 10 04 08 03 05 500.0 1.5 25.0 50.0 20.0 550.0 
R2S4STG0004 3 24161 10 04 08 03 06 500.0 1.5 25.0 50.0 20.0 550.0 
R2S4AXG0104 3 24151 10 04 08 03 07 500.0 1.5 25.0 50.0 20.0 550.0 
R2S4STG0508 3 24261 10 04 08 03 08 500.0 1.5 25.0 50.0 20.0 550.0 
R2S4AXG0508 3 24251 10 04 08 03 09 500.0 1.5 25.0 50.0 20.0 550.0 
R2S4STG0912 3 24361 10 04 08 03 10 500.0 1.5 25.0 50.0 20.0 550.0 
R2S4AXG0912 3 24351 10 04 08 03 11 500.0 1.5 25.0 50.0 20.0 550.0 
R2S5STG0004 3 25161 10 04 08 03 12 500.0 1.5 25.0 50.0 20.0 550.0 
R2S5AXG0104 3 25151 10 04 08 03 13 500.0 1.5 25.0 50.0 20.0 550.0 
R2S5STG0508 3 25261 10 04 08 03 14 500.0 1.5 25.0 50.0 20.0 550.0 
R2S5AXG0508 3 25251 10 04 08 03 15 500.0 1.5 25.0 50.0 20.0 550.0 
R2S5STG0912 3 25361 10 04 08 03 16 500.0 1.5 25.0 50.0 20.0 550.0 
R2S5AXG0912 3 25351 10 04 08 03 17 500.0 1.5 25.0 50.0 20.0 550.0 
DC_mf04_sl8_ch18 3 00000 10 04 8 03 18 633.0 1.5 25.0 50.0 30.0 700.0 
DC_mf04_sl8_ch19 3 00000 10 04 8 03 19 633.0 1.5 25.0 50.0 30.0 700.0 
DC_mf04_sl8_ch20 3 00000 10 04 8 03 20 633.0 1.5 25.0 50.0 30.0 700.0 
DC_mf04_sl8_ch21 3 00000 10 04 8 03 21 633.0 1.5 25.0 50.0 30.0 700.0 
DC_mf04_sl8_ch22 3 00000 10 04 8 03 22 633.0 1.5 25.0 50.0 30.0 700.0 
DC_mf04_sl8_ch23 3 00000 10 04 8 03 23 633.0 1.5 25.0 50.0 30.0 700.0 
R3S3STG0108 3 33161 10 04 09 03 00 535.0 1.5 25.0 50.0 20.0 600.0 
R3S3AXG0108 3 33151 10 04 09 03 01 535.0 1.5 25.0 50.0 20.0 600.0 
R3S3STG0916 3 33261 10 04 09 03 02 535.0 1.5 25.0 50.0 20.0 600.0 
R3S3AXG0916 3 33251 10 04 09 03 03 535.0 1.5 25.0 50.0 20.0 600.0 
R3S3STG1724 3 33361 10 04 09 03 04 535.0 1.5 25.0 50.0 20.0 600.0 
R3S3AXG1724 3 33351 10 04 09 03 05 535.0 1.5 25.0 50.0 20.0 600.0 
R3S4STG0108 3 34161 10 04 09 03 06 535.0 1.5 25.0 50.0 20.0 600.0 
R3S4AXG0108 3 34151 10 04 09 03 07 535.0 1.5 25.0 50.0 20.0 600.0 
R3S4STG0916 3 34261 10 04 09 03 08 535.0 1.5 25.0 50.0 20.0 600.0 
R3S4AXG0916 3 34251 10 04 09 03 09 535.0 1.5 25.0 50.0 20.0 600.0 
R3S4STG1724 3 34361 10 04 09 03 10 535.0 1.5 25.0 50.0 20.0 600.0 
R3S4AXG1724 3 34351 10 04 09 03 11 535.0 1.5 25.0 50.0 20.0 600.0 
R3S5STG0108 3 35161 10 04 09 03 12 535.0 1.5 25.0 50.0 20.0 600.0 
R3S5AXG0108 3 35151 10 04 09 03 13 535.0 1.5 25.0 50.0 20.0 600.0 
R3S5STG0916 3 35261 10 04 09 03 14 535.0 1.5 25.0 50.0 20.0 600.0 
R3S5AXG0916 3 35251 10 04 09 03 15 535.0 1.5 25.0 50.0 20.0 600.0 
R3S5STG1724 3 35361 10 04 09 03 16 535.0 1.5 25.0 50.0 20.0 600.0 
R3S5AXG1724 3 35351 10 04 09 03 17 535.0 1.5 25.0 50.0 20.0 600.0 
DC_mf04_sl9_ch18 3 00000 10 04 9 03 18 633.0 1.5 25.0 50.0 30.0 700.0 
DC_mf04_sl9_ch19 3 00000 10 04 9 03 19 633.0 1.5 25.0 50.0 30.0 700.0 
DC_mf04_sl9_ch20 3 00000 10 04 9 03 20 633.0 1.5 25.0 50.0 30.0 700.0 
DC_mf04_sl9_ch21 3 00000 10 04 9 03 21 633.0 1.5 25.0 50.0 30.0 700.0 
DC_mf04_sl9_ch22 3 00000 10 04 9 03 22 633.0 1.5 25.0 50.0 30.0 700.0 
DC_mf04_sl9_ch23 3 00000 10 04 9 03 23 633.0 1.5 25.0 50.0 30.0 700.0 
