EC_S2_UI01  9  1  5  2  0  2  0   -1795  1.50  1.30 487.60 487.60 -2550.00 -2500.00  
EC_S2_UI02  9  1  5  2  0  2  1   -1848  1.50  1.30 488.70 488.70 -2550.00 -2500.00  
EC_S2_UI03  9  1  5  2  0  2  2   -1871  1.50  1.30 486.00 486.00 -2550.00 -2500.00  
EC_S2_UI04  9  1  5  2  0  2  3   -1851  1.50  1.30 483.10 483.10 -2550.00 -2500.00  
EC_S2_UI05  9  1  5  2  0  2  4   -1932  1.50  1.30 487.00 487.00 -2550.00 -2500.00  
EC_S2_UI06  9  1  5  2  0  2  5   -1947  1.50  1.30 488.70 488.70 -2550.00 -2500.00  
EC_S2_UI07  9  1  5  2  0  2  6   -1846  1.50  1.30 489.40 489.40 -2550.00 -2500.00  
EC_S2_UI08  9  1  5  2  0  2  7   -1878  1.50  1.30 487.30 487.30 -2550.00 -2500.00  
EC_S2_UI09  9  1  5  2  0  2  8   -1898  1.50  1.30 486.50 486.50 -2550.00 -2500.00  
EC_S2_UI10  9  1  5  2  0  2  9   -1713  1.50  1.30 486.80 486.80 -2550.00 -2500.00  
EC_S2_UI11  9  1  5  2  0  2 10   -1828  1.50  1.30 485.20 485.20 -2550.00 -2500.00  
EC_S2_UI12  9  1  5  2  0  2 11   -1780  1.50  1.30 487.90 487.90 -2550.00 -2500.00  
EC_S2_UI13  9  1  5  2  1  2  0   -1667  1.50  1.30 490.60 490.60 -2550.00 -2500.00  
EC_S2_UI14  9  1  5  2  1  2  1   -1812  1.50  1.30 487.80 487.80 -2550.00 -2500.00  
EC_S2_UI15  9  1  5  2  1  2  2   -1664  1.50  1.30 486.90 486.90 -2550.00 -2500.00  
EC_S2_UI16  9  1  5  2  1  2  3   -1770  1.50  1.30 490.70 490.70 -2550.00 -2500.00  
EC_S2_UI17  9  1  5  2  1  2  4   -1837  1.50  1.30 489.60 489.60 -2550.00 -2500.00  
EC_S2_UI18  9  1  5  2  1  2  5   -1876  1.50  1.30 486.50 486.50 -2550.00 -2500.00  
EC_S2_UI19  9  1  5  2  1  2  6   -1737  1.50  1.30 484.70 484.70 -2550.00 -2500.00  
EC_S2_UI20  9  1  5  2  1  2  7   -1664  1.50  1.30 492.00 492.00 -2550.00 -2500.00  
EC_S2_UI21  9  1  5  2  1  2  8   -1750  1.50  1.30 484.30 484.30 -2550.00 -2500.00  
EC_S2_UI22  9  1  5  2  1  2  9   -1778  1.50  1.30 488.10 488.10 -2550.00 -2500.00  
EC_S2_UI23  9  1  5  2  1  2 10   -1707  1.50  1.30 488.40 488.40 -2550.00 -2500.00  
EC_S2_UI24  9  1  5  2  1  2 11   -1872  1.50  1.30 485.10 485.10 -2550.00 -2500.00  
EC_S2_UI25  9  1  5  2  2  2  0   -1781  1.50  1.30 485.80 485.80 -2550.00 -2500.00  
EC_S2_UI26  9  1  5  2  2  2  1   -1763  1.50  1.30 492.00 492.00 -2550.00 -2500.00  
EC_S2_UI27  9  1  5  2  2  2  2   -1816  1.50  1.30 486.00 486.00 -2550.00 -2500.00  
EC_S2_UI28  9  1  5  2  2  2  3   -1702  1.50  1.30 485.60 485.60 -2550.00 -2500.00  
EC_S2_UI29  9  1  5  2  2  2  4   -1832  1.50  1.30 486.00 486.00 -2550.00 -2500.00  
EC_S2_UI30  9  1  5  2  2  2  5   -1724  1.50  1.30 489.30 489.30 -2550.00 -2500.00  
EC_S2_UI31  9  1  5  2  2  2  6   -1904  1.50  1.30 485.60 485.60 -2550.00 -2500.00  
EC_S2_UI32  9  1  5  2  2  2  7   -1833  1.50  1.30 484.00 484.00 -2550.00 -2500.00  
EC_S2_UI33  9  1  5  2  2  2  8   -1663  1.50  1.30 489.80 489.80 -2550.00 -2500.00  
EC_S2_UI34  9  1  5  2  2  2  9   -1760  1.50  1.30 485.60 485.60 -2550.00 -2500.00  
EC_S2_UI35  9  1  5  2  2  2 10   -1790  1.50  1.30 487.50 487.50 -2550.00 -2500.00  
EC_S2_UI36  9  1  5  2  2  2 11   -1732  1.50  1.30 484.30 484.30 -2550.00 -2500.00  
EC_S2_VI01  9  1  5  2  3  2  0   -1660  1.50  1.30 484.40 484.40 -2550.00 -2500.00  
EC_S2_VI02  9  1  5  2  3  2  1   -1882  1.50  1.30 487.50 487.50 -2550.00 -2500.00  
EC_S2_VI03  9  1  5  2  3  2  2   -1710  1.50  1.30 487.20 487.20 -2550.00 -2500.00  
EC_S2_VI04  9  1  5  2  3  2  3   -1758  1.50  1.30 487.10 487.10 -2550.00 -2500.00  
EC_S2_VI05  9  1  5  2  3  2  4   -1735  1.50  1.30 488.10 488.10 -2550.00 -2500.00  
EC_S2_VI06  9  1  5  2  3  2  5   -1803  1.50  1.30 491.50 491.50 -2550.00 -2500.00  
EC_S2_VI07  9  1  5  2  3  2  6   -1775  1.50  1.30 488.50 488.50 -2550.00 -2500.00  
EC_S2_VI08  9  1  5  2  3  2  7   -1827  1.50  1.30 484.40 484.40 -2550.00 -2500.00  
EC_S2_VI09  9  1  5  2  3  2  8   -1889  1.50  1.30 487.40 487.40 -2550.00 -2500.00  
EC_S2_VI10  9  1  5  2  3  2  9   -1878  1.50  1.30 489.30 489.30 -2550.00 -2500.00  
EC_S2_VI11  9  1  5  2  3  2 10   -1888  1.50  1.30 483.90 483.90 -2550.00 -2500.00  
EC_S2_VI12  9  1  5  2  3  2 11   -1881  1.50  1.30 491.20 491.20 -2550.00 -2500.00  
EC_S2_VI13  9  1  5  2  4  2  0   -1762  1.50  1.30 487.30 487.30 -2550.00 -2500.00  
EC_S2_VI14  9  1  5  2  4  2  1   -1800  1.50  1.30 489.20 489.20 -2550.00 -2500.00  
EC_S2_VI15  9  1  5  2  4  2  2   -1764  1.50  1.30 489.40 489.40 -2550.00 -2500.00  
EC_S2_VI16  9  1  5  2  4  2  3   -1806  1.50  1.30 487.80 487.80 -2550.00 -2500.00  
EC_S2_VI17  9  1  5  2  4  2  4   -1850  1.50  1.30 484.40 484.40 -2550.00 -2500.00  
EC_S2_VI18  9  1  5  2  4  2  5   -1903  1.50  1.30 488.90 488.90 -2550.00 -2500.00  
EC_S2_VI19  9  1  5  2  4  2  6   -1850  1.50  1.30 490.30 490.30 -2550.00 -2500.00  
EC_S2_VI20  9  1  5  2  4  2  7   -1760  1.50  1.30 488.50 488.50 -2550.00 -2500.00  
EC_S2_VI21  9  1  5  2  4  2  8   -1850  1.50  1.30 488.10 488.10 -2550.00 -2500.00  
EC_S2_VI22  9  1  5  2  4  2  9   -1906  1.50  1.30 487.80 487.80 -2550.00 -2500.00  
EC_S2_VI23  9  1  5  2  4  2 10   -1775  1.50  1.30 491.00 491.00 -2550.00 -2500.00  
EC_S2_VI24  9  1  5  2  4  2 11   -1706  1.50  1.30 489.30 489.30 -2550.00 -2500.00  
EC_S2_VI25  9  1  5  2  5  2  0   -1974  1.50  1.30 490.50 490.50 -2550.00 -2500.00  
EC_S2_VI26  9  1  5  2  5  2  1   -1727  1.50  1.30 487.70 487.70 -2550.00 -2500.00  
EC_S2_VI27  9  1  5  2  5  2  2   -1724  1.50  1.30 489.40 489.40 -2550.00 -2500.00  
EC_S2_VI28  9  1  5  2  5  2  3   -1889  1.50  1.30 488.20 488.20 -2550.00 -2500.00  
EC_S2_VI29  9  1  5  2  5  2  4   -1865  1.50  1.30 489.10 489.10 -2550.00 -2500.00  
EC_S2_VI30  9  1  5  2  5  2  5   -1900  1.50  1.30 488.80 488.80 -2550.00 -2500.00  
EC_S2_VI31  9  1  5  2  5  2  6   -1864  1.50  1.30 489.30 489.30 -2550.00 -2500.00  
EC_S2_VI32  9  1  5  2  5  2  7   -1752  1.50  1.30 489.00 489.00 -2550.00 -2500.00  
EC_S2_VI33  9  1  5  2  5  2  8   -1900  1.50  1.30 486.10 486.10 -2550.00 -2500.00  
EC_S2_VI34  9  1  5  2  5  2  9   -1813  1.50  1.30 486.10 486.10 -2550.00 -2500.00  
EC_S2_VI35  9  1  5  2  5  2 10   -1786  1.50  1.30 486.80 486.80 -2550.00 -2500.00  
EC_S2_VI36  9  1  5  2  5  2 11   -1669  1.50  1.30 489.00 489.00 -2550.00 -2500.00  
EC_S2_WI01  9  1  5  2  6  2  0   -2287  1.50  1.30 488.20 488.20 -2550.00 -2500.00  
EC_S2_WI02  9  1  5  2  6  2  1   -2010  1.50  1.30 487.00 487.00 -2550.00 -2500.00  
EC_S2_WI03  9  1  5  2  6  2  2   -1947  1.50  1.30 489.80 489.80 -2550.00 -2500.00  
EC_S2_WI04  9  1  5  2  6  2  3   -2151  1.50  1.30 488.40 488.40 -2550.00 -2500.00  
EC_S2_WI05  9  1  5  2  6  2  4   -2054  1.50  1.30 490.40 490.40 -2550.00 -2500.00  
EC_S2_WI06  9  1  5  2  6  2  5   -1986  1.50  1.30 488.80 488.80 -2550.00 -2500.00  
EC_S2_WI07  9  1  5  2  6  2  6   -2107  1.50  1.30 487.10 487.10 -2550.00 -2500.00  
EC_S2_WI08  9  1  5  2  6  2  7   -1956  1.50  1.30 486.20 486.20 -2550.00 -2500.00  
EC_S2_WI09  9  1  5  2  6  2  8   -1933  1.50  1.30 489.20 489.20 -2550.00 -2500.00  
EC_S2_WI10  9  1  5  2  6  2  9   -2052  1.50  1.30 487.00 487.00 -2550.00 -2500.00  
EC_S2_WI11  9  1  5  2  6  2 10   -2078  1.50  1.30 488.80 488.80 -2550.00 -2500.00  
EC_S2_WI12  9  1  5  2  6  2 11   -2045  1.50  1.30 487.40 487.40 -2550.00 -2500.00  
EC_S2_WI13  9  1  5  2  7  2  0   -2405  1.50  1.30 485.80 485.80 -2550.00 -2500.00  
EC_S2_WI14  9  1  5  2  7  2  1   -2429  1.50  1.30 485.90 485.90 -2550.00 -2500.00  
EC_S2_WI15  9  1  5  2  7  2  2   -2163  1.50  1.30 489.10 489.10 -2550.00 -2500.00  
EC_S2_WI16  9  1  5  2  7  2  3   -2074  1.50  1.30 486.70 486.70 -2550.00 -2500.00  
EC_S2_WI17  9  1  5  2  7  2  4   -2028  1.50  1.30 487.50 487.50 -2550.00 -2500.00  
EC_S2_WI18  9  1  5  2  7  2  5   -2401  1.50  1.30 487.70 487.70 -2550.00 -2500.00  
EC_S2_WI19  9  1  5  2  7  2  6   -2124  1.50  1.30 485.60 485.60 -2550.00 -2500.00  
EC_S2_WI20  9  1  5  2  7  2  7   -2116  1.50  1.30 489.30 489.30 -2550.00 -2500.00  
EC_S2_WI21  9  1  5  2  7  2  8   -2012  1.50  1.30 485.60 485.60 -1550.50 -2500.00  
EC_S2_WI22  9  1  5  2  7  2  9   -2309  1.50  1.30 489.00 489.00 -2550.00 -2500.00  
EC_S2_WI23  9  1  5  2  7  2 10   -2114  1.50  1.30 485.90 485.90 -2550.00 -2500.00  
EC_S2_WI24  9  1  5  2  7  2 11   -2169  1.50  1.30 489.10 489.10 -2550.00 -2500.00  
EC_S2_WI25  9  1  5  2  8  2  0   -2125  1.50  1.30 488.60 1954.70 -2550.00 -2500.00  
EC_S2_WI26  9  1  5  2  8  2  1   -2058  1.50  1.30 486.40 1945.90 -2550.00 -2500.00  
EC_S2_WI27  9  1  5  2  8  2  2   -1985  1.50  1.30 487.90 1951.60 -2550.00 -2500.00  
EC_S2_WI28  9  1  5  2  8  2  3   -1708  1.50  1.30 490.00 1960.30 -2550.00 -2500.00  
EC_S2_WI29  9  1  5  2  8  2  4   -2084  1.50  1.30 487.90 2000.00 -2550.00 -2500.00  
EC_S2_WI30  9  1  5  2  8  2  5   -2308  1.50  1.30 484.40 1937.60 -2550.00 -2500.00  
EC_S2_WI31  9  1  5  2  8  2  6   -2141  1.50  1.30 491.10 1964.60 -2550.00 -2500.00  
EC_S2_WI32  9  1  5  2  8  2  7   -2049  1.50  1.30 492.90 1971.80 -2550.00 -2500.00  
EC_S2_WI33  9  1  5  2  8  2  8   -2171  1.50  1.30 490.70 1963.00 -2550.00 -2500.00  
EC_S2_WI34  9  1  5  2  8  2  9   -2000  1.50  1.30 488.90 1955.90 -2550.00 -2500.00  
EC_S2_WI35  9  1  5  2  8  2 10   -1869  1.50  1.30 488.90 1955.80 -2550.00 -2500.00  
EC_S2_WI36  9  1  5  2  8  2 11   -1940  1.50  1.30 489.00 1956.10 -2550.00 -2500.00  
EC_S2_UO01  9  1  5  2  9  2  0   -1738  1.50  1.30 488.50 488.50 -2550.00 -2500.00  
EC_S2_UO02  9  1  5  2  9  2  1   -1696  1.50  1.30 487.90 487.90 -2550.00 -2500.00  
EC_S2_UO03  9  1  5  2  9  2  2   -1742  1.50  1.30 485.30 485.30 -2550.00 -2500.00  
EC_S2_UO04  9  1  5  2  9  2  3   -1893  1.50  1.30 484.20 484.20 -2550.00 -2500.00  
EC_S2_UO05  9  1  5  2  9  2  4   -1878  1.50  1.30 489.20 489.20 -2550.00 -2500.00  
EC_S2_UO06  9  1  5  2  9  2  5   -1785  1.50  1.30 487.00 487.00 -2550.00 -2500.00  
EC_S2_UO07  9  1  5  2  9  2  6   -1775  1.50  1.30 486.30 486.30 -2550.00 -2500.00  
EC_S2_UO08  9  1  5  2  9  2  7   -1691  1.50  1.30 485.90 485.90 -2550.00 -2500.00  
EC_S2_UO09  9  1  5  2  9  2  8   -1717  1.50  1.30 485.90 485.90 -2550.00 -2500.00  
EC_S2_UO10  9  1  5  2  9  2  9   -1940  1.50  1.30 485.40 485.40 -2550.00 -2500.00  
EC_S2_UO11  9  1  5  2  9  2 10   -1647  1.50  1.30 487.10 487.10 -2550.00 -2500.00  
EC_S2_UO12  9  1  5  2  9  2 11   -1756  1.50  1.30 487.60 487.60 -2550.00 -2500.00  
EC_S2_UO13  9  1  5  2 10  2  0   -1803  1.50  1.30 487.50 487.50 -2550.00 -2500.00  
EC_S2_UO14  9  1  5  2 10  2  1   -1831  1.50  1.30 483.90 483.90 -2550.00 -2500.00  
EC_S2_UO15  9  1  5  2 10  2  2   -1672  1.50  1.30 486.50 486.50 -2550.00 -2500.00  
EC_S2_UO16  9  1  5  2 10  2  3   -1638  1.50  1.30 488.00 488.00 -2550.00 -2500.00  
EC_S2_UO17  9  1  5  2 10  2  4   -1752  1.50  1.30 488.90 488.90 -2550.00 -2500.00  
EC_S2_UO18  9  1  5  2 10  2  5   -1940  1.50  1.30 487.30 487.30 -2550.00 -2500.00  
EC_S2_UO19  9  1  5  2 10  2  6   -1784  1.50  1.30 489.90 489.90 -2550.00 -2500.00  
EC_S2_UO20  9  1  5  2 10  2  7   -1664  1.50  1.30 487.70 487.70 -2550.00 -2500.00  
EC_S2_UO21  9  1  5  2 10  2  8   -1733  1.50  1.30 488.00 488.00 -2550.00 -2500.00  
EC_S2_UO22  9  1  5  2 10  2  9   -1787  1.50  1.30 487.40 487.40 -2550.00 -2500.00  
EC_S2_UO23  9  1  5  2 10  2 10   -1640  1.50  1.30 489.00 489.00 -2550.00 -2500.00  
EC_S2_UO24  9  1  5  2 10  2 11   -1740  1.50  1.30 488.10 488.10 -2550.00 -2500.00  
EC_S2_UO25  9  1  5  2 11  2  0   -1761  1.50  1.30 486.20  60.70 -2550.00 -2500.00  
EC_S2_UO26  9  1  5  2 11  2  1   -1752  1.50  1.30 488.10 488.10 -2550.00 -2500.00  
EC_S2_UO27  9  1  5  2 11  2  2   -1712  1.50  1.30 486.60 486.60 -2550.00 -2500.00  
EC_S2_UO28  9  1  5  2 11  2  3   -1663  1.50  1.30 487.30 487.30 -2550.00 -2500.00  
EC_S2_UO29  9  1  5  2 11  2  4   -1734  1.50  1.30 487.00 487.00 -2550.00 -2500.00  
EC_S2_UO30  9  1  5  2 11  2  5   -1618  1.50  1.30 487.30 487.30 -2550.00 -2500.00  
EC_S2_UO31  9  1  5  2 11  2  6   -1787  1.50  1.30 490.00 490.00 -2550.00 -2500.00  
EC_S2_UO32  9  1  5  2 11  2  7   -1780  1.50  1.30 490.70 490.70 -2550.00 -2500.00  
EC_S2_UO33  9  1  5  2 11  2  8   -1587  1.50  1.30 485.30 485.30 -2550.00 -2500.00  
EC_S2_UO34  9  1  5  2 11  2  9   -1703  1.50  1.30 490.40 490.40 -2550.00 -2500.00  
EC_S2_UO35  9  1  5  2 11  2 10   -1734  1.50  1.30 483.20 483.20 -2550.00 -2500.00  
EC_S2_UO36  9  1  5  2 11  2 11   -1575  1.50  1.30 489.90 489.90 -2550.00 -2500.00  
EC_S2_VO01  9  1  5  2 12  2  0   -1668  1.50  1.30 485.90 485.90 -2550.00 -2500.00  
EC_S2_VO02  9  1  5  2 12  2  1   -1710  1.50  1.30 487.00 487.00 -2550.00 -2500.00  
EC_S2_VO03  9  1  5  2 12  2  2   -1898  1.50  1.30 482.60 482.60 -2550.00 -2500.00  
EC_S2_VO04  9  1  5  2 12  2  3   -1714  1.50  1.30 484.50 484.50 -2550.00 -2500.00  
EC_S2_VO05  9  1  5  2 12  2  4   -1698  1.50  1.30 484.10 484.10 -2550.00 -2500.00  
EC_S2_VO06  9  1  5  2 12  2  5   -1711  1.50  1.30 487.10 487.10 -2550.00 -2500.00  
EC_S2_VO07  9  1  5  2 12  2  6   -1781  1.50  1.30 482.80 482.80 -2550.00 -2500.00  
EC_S2_VO08  9  1  5  2 12  2  7   -1764  1.50  1.30 486.40 486.40 -2550.00 -2500.00  
EC_S2_VO09  9  1  5  2 12  2  8   -1721  1.50  1.30 485.20 485.20 -2550.00 -2500.00  
EC_S2_VO10  9  1  5  2 12  2  9   -1697  1.50  1.30 489.20 489.20 -2550.00 -2500.00  
EC_S2_VO11  9  1  5  2 12  2 10   -1771  1.50  1.30 481.90 481.90 -2550.00 -2500.00  
EC_S2_VO12  9  1  5  2 12  2 11   -1765  1.50  1.30 485.80 485.80 -2550.00 -2500.00  
EC_S2_VO13  9  1  5  2 13  2  0   -1623  1.50  1.30 489.80 489.80 -2550.00 -2500.00  
EC_S2_VO14  9  1  5  2 13  2  1   -1801  1.50  1.30 484.60 484.60 -2550.00 -2500.00  
EC_S2_VO15  9  1  5  2 13  2  2   -1630  1.50  1.30 489.90 489.90 -2550.00 -2500.00  
EC_S2_VO16  9  1  5  2 13  2  3   -1786  1.50  1.30 487.00 487.00 -2550.00 -2500.00  
EC_S2_VO17  9  1  5  2 13  2  4   -1765  1.50  1.30 487.80 487.80 -2550.00 -2500.00  
EC_S2_VO18  9  1  5  2 13  2  5   -1672  1.50  1.30 487.60 487.60 -2550.00 -2500.00  
EC_S2_VO19  9  1  5  2 13  2  6   -1785  1.50  1.30 487.60 487.60 -2550.00 -2500.00  
EC_S2_VO20  9  1  5  2 13  2  7   -1673  1.50  1.30 489.00 489.00 -2550.00 -2500.00  
EC_S2_VO21  9  1  5  2 13  2  8   -1580  1.50  1.30 487.30 487.30 -2550.00 -2500.00  
EC_S2_VO22  9  1  5  2 13  2  9   -1736  1.50  1.30 486.50 486.50 -2550.00 -2500.00  
EC_S2_VO23  9  1  5  2 13  2 10   -1632  1.50  1.30 487.80 487.80 -2550.00 -2500.00  
EC_S2_VO24  9  1  5  2 13  2 11   -1783  1.50  1.30 487.20 487.20 -2550.00 -2500.00  
EC_S2_VO25  9  1  5  2 14  2  0   -1706  1.50  1.30 487.00 487.00 -2550.00 -2500.00  
EC_S2_VO26  9  1  5  2 14  2  1   -1659  1.50  1.30 484.30 484.30 -2550.00 -2500.00  
EC_S2_VO27  9  1  5  2 14  2  2   -1688  1.50  1.30 488.70 488.70 -2550.00 -2500.00  
EC_S2_VO28  9  1  5  2 14  2  3   -1761  1.50  1.30 489.70 489.70 -2550.00 -2500.00  
EC_S2_VO29  9  1  5  2 14  2  4   -1712  1.50  1.30 487.20 487.20 -2550.00 -2500.00  
EC_S2_VO30  9  1  5  2 14  2  5   -1742  1.50  1.30 487.40 487.40 -2550.00 -2500.00  
EC_S2_VO31  9  1  5  2 14  2  6   -1798  1.50  1.30 486.70 486.70 -2550.00 -2500.00  
EC_S2_VO32  9  1  5  2 14  2  7   -1720  1.50  1.30 487.40 487.40 -2550.00 -2500.00  
EC_S2_VO33  9  1  5  2 14  2  8   -1599  1.50  1.30 488.00 488.00 -2550.00 -2500.00  
EC_S2_VO34  9  1  5  2 14  2  9   -1735  1.50  1.30 486.90 486.90 -2550.00 -2500.00  
EC_S2_VO35  9  1  5  2 14  2 10   -1774  1.50  1.30 488.60 488.60 -2550.00 -2500.00  
EC_S2_VO36  9  1  5  2 14  2 11   -1828  1.50  1.30 488.40 488.40 -2550.00 -2500.00  
EC_S2_WO01  9  1  5  2 15  2  0   -1956  1.50  1.30 487.10 487.10 -2550.00 -2500.00  
EC_S2_WO02  9  1  5  2 15  2  1   -2368  1.50  1.30 486.00 486.00 -2550.00 -2500.00  
EC_S2_WO03  9  1  5  2 15  2  2   -1995  1.50  1.30 486.60 486.60 -2550.00 -2500.00  
EC_S2_WO04  9  1  5  2 15  2  3   -2160  1.50  1.30 483.60 483.60 -2550.00 -2500.00  
EC_S2_WO05  9  1  5  2 15  2  4   -2000  1.50  1.30 484.40 484.40 -2550.00 -2500.00  
EC_S2_WO06  9  1  5  2 15  2  5   -2140  1.50  1.30 488.60 488.60 -2550.00 -2500.00  
EC_S2_WO07  9  1  5  2 15  2  6   -2059  1.50  1.30 486.20 486.20 -2550.00 -2500.00  
EC_S2_WO08  9  1  5  2 15  2  7   -2067  1.50  1.30 486.30 486.30 -2550.00 -2500.00  
EC_S2_WO09  9  1  5  2 15  2  8   -2209  1.50  1.30 483.10 483.10 -2550.00 -2500.00  
EC_S2_WO10  9  1  5  2 15  2  9   -2304  1.50  1.30 489.00 489.00 -2550.00 -2500.00  
EC_S2_WO11  9  1  5  2 15  2 10   -2078  1.50  1.30 483.60 483.60 -2550.00 -2500.00  
EC_S2_WO12  9  1  5  2 15  2 11   -2344  1.50  1.30 481.30 481.30 -2550.00 -2500.00  
