EC_S6_UI01           06 1  5 06 00 02 00 -2200.0   1.5   1.3   121.5   486.0 -2550.0 -2500.0
EC_S6_UI02           06 1  5 06 00 02 01 -2450.0   1.5   1.3   121.1   484.6 -2550.0 -2500.0
EC_S6_UI03           06 1  5 06 00 02 02 -2796.0   1.5   1.3   121.4   485.9 -2550.0 -2500.0
EC_S6_UI04           06 1  5 06 00 02 03 -2214.0   1.5   1.3   121.7   487.0 -2550.0 -2500.0
EC_S6_UI05           06 1  5 06 00 02 04 -2471.0   1.5   1.3   120.6   482.7 -2550.0 -2500.0
EC_S6_UI06           06 1  5 06 00 02 05 -2325.0   1.5   1.3   121.6   486.4 -2550.0 -2500.0
EC_S6_UI07           06 1  5 06 00 02 06 -2383.0   1.5   1.3   121.9   487.6 -2550.0 -2500.0
EC_S6_UI08           06 1  5 06 00 02 07 -2477.0   1.5   1.3   121.8   487.3 -2550.0 -2500.0
EC_S6_UI09           06 1  5 06 00 02 08 -2169.0   1.5   1.3   122.3   489.4 -2550.0 -2500.0
EC_S6_UI10           06 1  5 06 00 02 09 -2389.0   1.5   1.3   121.0   484.0 -2550.0 -2500.0
EC_S6_UI11           06 1  5 06 00 02 10 -2365.0   1.5   1.3   122.3   489.4 -2550.0 -2500.0
EC_S6_UI12           06 1  5 06 00 02 11 -2105.0   1.5   1.3   121.8   487.4 -2550.0 -2500.0
EC_S6_UI13           06 1  5 06 01 02 00 -2419.0   1.5   1.3   486.6   486.6 -2550.0 -2500.0
EC_S6_UI14           06 1  5 06 01 02 01 -2334.0   1.5   1.3   488.6   488.6 -2550.0 -2500.0
EC_S6_UI15           06 1  5 06 01 02 02 -2223.0   1.5   1.3   486.8   486.8 -2550.0 -2500.0
EC_S6_UI16           06 1  5 06 01 02 03 -2310.0   1.5   1.3   486.1   486.1 -2550.0 -2500.0
EC_S6_UI17           06 1  5 06 01 02 04 -2250.0   1.5   1.3   485.5   485.5 -2550.0 -2500.0
EC_S6_UI18           06 1  5 06 01 02 05 -2260.0   1.5   1.3   487.3   487.3 -2550.0 -2500.0
EC_S6_UI19           06 1  5 06 01 02 06 -2266.0   1.5   1.3   487.5   487.5 -2550.0 -2500.0
EC_S6_UI20           06 1  5 06 01 02 07 -2071.0   1.5   1.3   488.0   488.0 -2550.0 -2500.0
EC_S6_UI21           06 1  5 06 01 02 08 -2118.0   1.5   1.3   488.2   488.2 -2550.0 -2500.0
EC_S6_UI22           06 1  5 06 01 02 09 -2434.0   1.5   1.3   488.0   488.0 -2550.0 -2500.0
EC_S6_UI23           06 1  5 06 01 02 10 -2252.0   1.5   1.3   489.9   489.9 -2550.0 -2500.0
EC_S6_UI24           06 1  5 06 01 02 11 -2380.0   1.5   1.3   486.5   486.5 -2550.0 -2500.0
EC_S6_UI25           06 1  5 06 02 02 00 -2374.0   1.5   1.3   486.4   486.4 -2550.0 -2500.0
EC_S6_UI26           06 1  5 06 02 02 01 -2087.0   1.5   1.3   488.1   488.1 -2550.0 -2500.0
EC_S6_UI27           06 1  5 06 02 02 02 -1708.0   1.5   1.3   487.3   487.3 -2550.0 -2500.0
EC_S6_UI28           06 1  5 06 02 02 03 -1861.0   1.5   1.3   486.5   486.5 -2550.0 -2500.0
EC_S6_UI29           06 1  5 06 02 02 04 -1792.0   1.5   1.3   486.5   486.5 -2550.0 -2500.0
EC_S6_UI30           06 1  5 06 02 02 05 -1877.0   1.5   1.3   486.9   486.9 -2550.0 -2500.0
EC_S6_UI31           06 1  5 06 02 02 06 -1730.0   1.5   1.3   486.5   486.5 -2550.0 -2500.0
EC_S6_UI32           06 1  5 06 02 02 07 -1768.0   1.5   1.3   488.8   488.8 -2550.0 -2500.0
EC_S6_UI33           06 1  5 06 02 02 08 -1671.0   1.5   1.3   487.3   487.3 -2550.0 -2500.0
EC_S6_UI34           06 1  5 06 02 02 09 -1724.0   1.5   1.3   487.8   487.8 -2550.0 -2500.0
EC_S6_UI35           06 1  5 06 02 02 10 -1753.0   1.5   1.3   488.3   488.3 -2550.0 -2500.0
EC_S6_UI36           06 1  5 06 02 02 11 -1811.0   1.5   1.3   487.6   487.6 -2550.0 -2500.0
EC_S6_VI01           06 1  5 06 03 02 00     0.0   1.5   1.3   488.8   488.8 -2550.0 -2500.0
EC_S6_VI02           06 1  5 06 03 02 01 -1786.0   1.5   1.3   488.2   488.2 -2550.0 -2500.0
EC_S6_VI03           06 1  5 06 03 02 02 -1747.0   1.5   1.3   492.6   492.6 -2550.0 -2500.0
EC_S6_VI04           06 1  5 06 03 02 03 -1699.0   1.5   1.3   489.2   489.2 -2550.0 -2500.0
EC_S6_VI05           06 1  5 06 03 02 04 -1769.0   1.5   1.3   489.8   489.8 -2550.0 -2500.0
EC_S6_VI06           06 1  5 06 03 02 05 -1710.0   1.5   1.3   488.0   488.0 -2550.0 -2500.0
EC_S6_VI07           06 1  5 06 03 02 06 -1817.0   1.5   1.3   489.5   489.5 -2550.0 -2500.0
EC_S6_VI08           06 1  5 06 03 02 07 -1706.0   1.5   1.3   489.1   489.1 -2550.0 -2500.0
EC_S6_VI09           06 1  5 06 03 02 08 -1679.0   1.5   1.3   489.9   489.9 -2550.0 -2500.0
EC_S6_VI10           06 1  5 06 03 02 09 -1713.0   1.5   1.3   489.5   489.5 -2550.0 -2500.0
EC_S6_VI11           06 1  5 06 03 02 10 -1734.0   1.5   1.3   488.8   488.8 -2550.0 -2500.0
EC_S6_VI12           06 1  5 06 03 02 11 -1647.0   1.5   1.3   490.0   490.0 -2550.0 -2500.0
EC_S6_VI13           06 1  5 06 04 02 00 -1518.0   1.5   1.3   490.9   490.9 -2550.0 -2500.0
EC_S6_VI14           06 1  5 06 04 02 01 -1444.0   1.5   1.3   489.6   489.6 -2550.0 -2500.0
EC_S6_VI15           06 1  5 06 04 02 02 -1682.0   1.5   1.3   483.5   483.5 -2550.0 -2500.0
EC_S6_VI16           06 1  5 06 04 02 03 -1667.0   1.5   1.3   485.2   485.2 -2550.0 -2500.0
EC_S6_VI17           06 1  5 06 04 02 04 -1499.0   1.5   1.3   489.2   489.2 -2550.0 -2500.0
EC_S6_VI18           06 1  5 06 04 02 05 -1728.0   1.5   1.3   484.2   484.2 -2550.0 -2500.0
EC_S6_VI19           06 1  5 06 04 02 06 -1673.0   1.5   1.3   493.2   493.2 -2550.0 -2500.0
EC_S6_VI20           06 1  5 06 04 02 07 -1734.0   1.5   1.3   483.7   483.7 -2550.0 -2500.0
EC_S6_VI21           06 1  5 06 04 02 08 -1724.0   1.5   1.3   487.2   487.2 -2550.0 -2500.0
EC_S6_VI22           06 1  5 06 04 02 09 -1689.0   1.5   1.3   492.3   492.3 -2550.0 -2500.0
EC_S6_VI23           06 1  5 06 04 02 10 -1663.0   1.5   1.3   481.8   481.8 -2550.0 -2500.0
EC_S6_VI24           06 1  5 06 04 02 11 -1749.0   1.5   1.3   500.2   500.2 -2550.0 -2500.0
EC_S6_VI25           06 1  5 06 05 02 00 -1726.0   1.5   1.3   494.0   494.0 -2550.0 -2500.0
EC_S6_VI26           06 1  5 06 05 02 01 -1728.0   1.5   1.3   488.3   488.3 -2550.0 -2500.0
EC_S6_VI27           06 1  5 06 05 02 02 -1759.0   1.5   1.3   488.6   488.6 -2550.0 -2500.0
EC_S6_VI28           06 1  5 06 05 02 03 -1678.0   1.5   1.3   489.1   489.1 -2550.0 -2500.0
EC_S6_VI29           06 1  5 06 05 02 04 -1702.0   1.5   1.3   488.7   488.7 -2550.0 -2500.0
EC_S6_VI30           06 1  5 06 05 02 05 -1763.0   1.5   1.3   489.8   489.8 -2550.0 -2500.0
EC_S6_VI31           06 1  5 06 05 02 06 -1745.0   1.5   1.3   488.9   488.9 -2550.0 -2500.0
EC_S6_VI32           06 1  5 06 05 02 07 -1732.0   1.5   1.3   489.1   489.1 -2550.0 -2500.0
EC_S6_VI33           06 1  5 06 05 02 08 -1724.0   1.5   1.3   489.0   489.0 -2550.0 -2500.0
EC_S6_VI34           06 1  5 06 05 02 09 -1774.0   1.5   1.3   491.8   491.8 -2550.0 -2500.0
EC_S6_VI35           06 1  5 06 05 02 10 -1867.0   1.5   1.3   487.9   487.9 -2550.0 -2500.0
EC_S6_VI36           06 1  5 06 05 02 11 -1832.0   1.5   1.3   489.3   489.3 -2550.0 -2500.0
EC_S6_WI01           06 1  5 06 06 02 00 -2504.0   1.5   1.3   488.4   488.4 -2550.0 -2500.0
EC_S6_WI02           06 1  5 06 06 02 01     0.0   1.5   1.3   488.0   488.0 -2550.0 -2500.0
EC_S6_WI03           06 1  5 06 06 02 02 -2205.0   1.5   1.3   488.4   488.4 -2550.0 -2500.0
EC_S6_WI04           06 1  5 06 06 02 03 -2507.0   1.5   1.3   488.4   488.4 -2550.0 -2500.0
EC_S6_WI05           06 1  5 06 06 02 04 -2435.0   1.5   1.3   489.5   489.5 -2550.0 -2500.0
EC_S6_WI06           06 1  5 06 06 02 05 -2422.0   1.5   1.3   488.2   488.2 -2550.0 -2500.0
EC_S6_WI07           06 1  5 06 06 02 06 -2290.0   1.5   1.3   487.4   487.4 -2550.0 -2500.0
EC_S6_WI08           06 1  5 06 06 02 07 -2405.0   1.5   1.3   488.0   488.0 -2550.0 -2500.0
EC_S6_WI09           06 1  5 06 06 02 08 -2379.0   1.5   1.3   488.1   488.1 -2550.0 -2500.0
EC_S6_WI10           06 1  5 06 06 02 09 -2352.0   1.5   1.3   487.3   487.3 -2550.0 -2500.0
EC_S6_WI11           06 1  5 06 06 02 10 -2341.0   1.5   1.3   488.1   488.1 -2550.0 -2500.0
EC_S6_WI12           06 1  5 06 06 02 11 -2270.0   1.5   1.3   486.9   486.9 -2550.0 -2500.0
EC_S6_WI13           06 1  5 06 07 02 00 -2078.0   1.5   1.3   490.5   490.5 -2550.0 -2500.0
EC_S6_WI14           06 1  5 06 07 02 01 -2573.0   1.5   1.3   489.6   489.6 -2550.0 -2500.0
EC_S6_WI15           06 1  5 06 07 02 02 -2596.0   1.5   1.3   490.9   490.9 -2550.0 -2500.0
EC_S6_WI16           06 1  5 06 07 02 03 -1690.0   1.5   1.3   493.9   493.9 -2550.0 -2500.0
EC_S6_WI17           06 1  5 06 07 02 04 -2191.0   1.5   1.3   489.8   489.8 -2550.0 -2500.0
EC_S6_WI18           06 1  5 06 07 02 05 -2384.0   1.5   1.3   487.9   487.9 -2550.0 -2500.0
EC_S6_WI19           06 1  5 06 07 02 06 -2442.0   1.5   1.3   490.2   490.2 -2550.0 -2500.0
EC_S6_WI20           06 1  5 06 07 02 07 -2252.0   1.5   1.3   489.2   489.2 -2550.0 -2500.0
EC_S6_WI21           06 1  5 06 07 02 08 -2342.0   1.5   1.3   489.6   489.6 -2550.0 -2500.0
EC_S6_WI22           06 1  5 06 07 02 09 -2349.0   1.5   1.3   489.6   489.6 -2550.0 -2500.0
EC_S6_WI23           06 1  5 06 07 02 10 -2408.0   1.5   1.3   489.3   489.3 -2550.0 -2500.0
EC_S6_WI24           06 1  5 06 07 02 11 -2569.0   1.5   1.3   488.6   488.6 -2550.0 -2500.0
EC_S6_WI25           06 1  5 06 08 02 00 -2459.0   1.5   1.3   483.0   483.0 -2550.0 -2500.0
EC_S6_WI26           06 1  5 06 08 02 01 -2422.0   1.5   1.3   494.6   494.6 -2550.0 -2500.0
EC_S6_WI27           06 1  5 06 08 02 02 -2314.0   1.5   1.3   487.7   487.7 -2550.0 -2500.0
EC_S6_WI28           06 1  5 06 08 02 03 -2298.0   1.5   1.3   485.8   485.8 -2550.0 -2500.0
EC_S6_WI29           06 1  5 06 08 02 04 -2186.0   1.5   1.3   487.3   487.3 -2550.0 -2500.0
EC_S6_WI30           06 1  5 06 08 02 05 -2028.0   1.5   1.3   494.3   494.3 -2550.0 -2500.0
EC_S6_WI31           06 1  5 06 08 02 06 -2094.0   1.5   1.3   486.6   486.6 -2550.0 -2500.0
EC_S6_WI32           06 1  5 06 08 02 07 -2252.0   1.5   1.3   483.1   483.1 -2550.0 -2500.0
EC_S6_WI33           06 1  5 06 08 02 08 -2236.0   1.5   1.3   486.1   486.1 -2550.0 -2500.0
EC_S6_WI34           06 1  5 06 08 02 09 -2343.0   1.5   1.3   490.3   490.3 -2550.0 -2500.0
EC_S6_WI35           06 1  5 06 08 02 10 -2399.0   1.5   1.3   488.2   488.2 -2550.0 -2500.0
EC_S6_WI36           06 1  5 06 08 02 11 -2331.0   1.5   1.3   490.6   490.6 -2550.0 -2500.0
EC_S6_UO01           06 1  5 06 09 02 00 -2487.0   1.5   1.3   485.5   485.5 -2550.0 -2500.0
EC_S6_UO02           06 1  5 06 09 02 01 -2240.0   1.5   1.3   487.6   487.6 -2550.0 -2500.0
EC_S6_UO03           06 1  5 06 09 02 02 -2350.0   1.5   1.3   485.7   485.7 -2550.0 -2500.0
EC_S6_UO04           06 1  5 06 09 02 03 -2252.0   1.5   1.3   484.6   484.6 -2550.0 -2500.0
EC_S6_UO05           06 1  5 06 09 02 04 -2534.0   1.5   1.3   488.5   488.5 -2550.0 -2500.0
EC_S6_UO06           06 1  5 06 09 02 05 -2184.0   1.5   1.3   488.6   488.6 -2550.0 -2500.0
EC_S6_UO07           06 1  5 06 09 02 06 -2213.0   1.5   1.3   486.4   486.4 -2550.0 -2500.0
EC_S6_UO08           06 1  5 06 09 02 07 -2450.0   1.5   1.3   490.7   490.7 -2550.0 -2500.0
EC_S6_UO09           06 1  5 06 09 02 08 -2340.0   1.5   1.3   486.2   486.2 -2550.0 -2500.0
EC_S6_UO10           06 1  5 06 09 02 09 -2234.0   1.5   1.3   486.9   486.9 -2550.0 -2500.0
EC_S6_UO11           06 1  5 06 09 02 10 -2356.0   1.5   1.3   487.2   487.2 -2550.0 -2500.0
EC_S6_UO12           06 1  5 06 09 02 11 -2210.0   1.5   1.3   484.9   484.9 -2550.0 -2500.0
EC_S6_UO13           06 1  5 06 10 02 00 -2165.0   1.5   1.3   491.1   491.1 -2550.0 -2500.0
EC_S6_UO14           06 1  5 06 10 02 01 -2163.0   1.5   1.3   488.7   488.7 -2550.0 -2500.0
EC_S6_UO15           06 1  5 06 10 02 02 -2299.0   1.5   1.3   485.1   485.1 -2550.0 -2500.0
EC_S6_UO16           06 1  5 06 10 02 03 -2330.0   1.5   1.3   484.1   484.1 -2550.0 -2500.0
EC_S6_UO17           06 1  5 06 10 02 04 -2120.0   1.5   1.3   489.6   489.6 -2550.0 -2500.0
EC_S6_UO18           06 1  5 06 10 02 05 -2511.0   1.5   1.3   487.5   487.5 -2550.0 -2500.0
EC_S6_UO19           06 1  5 06 10 02 06 -2131.0   1.5   1.3   486.6   486.6 -2550.0 -2500.0
EC_S6_UO20           06 1  5 06 10 02 07 -2147.0   1.5   1.3   485.7   485.7 -2550.0 -2500.0
EC_S6_UO21           06 1  5 06 10 02 08 -2362.0   1.5   1.3   488.3   488.3 -2550.0 -2500.0
EC_S6_UO22           06 1  5 06 10 02 09 -2415.0   1.5   1.3   484.7   484.7 -2550.0 -2500.0
EC_S6_UO23           06 1  5 06 10 02 10 -2366.0   1.5   1.3   487.2   487.2 -2550.0 -2500.0
EC_S6_UO24           06 1  5 06 10 02 11 -2430.0   1.5   1.3   486.3   486.3 -2550.0 -2500.0
EC_S6_UO25           06 1  5 06 11 02 00 -2303.0   1.5   1.3   489.5   489.5 -2550.0 -2500.0
EC_S6_UO26           06 1  5 06 11 02 01 -2362.0   1.5   1.3   484.8   484.8 -2550.0 -2500.0
EC_S6_UO27           06 1  5 06 11 02 02 -1660.0   1.5   1.3   484.4   484.4 -2550.0 -2500.0
EC_S6_UO28           06 1  5 06 11 02 03 -1746.0   1.5   1.3   483.8   483.8 -2550.0 -2500.0
EC_S6_UO29           06 1  5 06 11 02 04 -1743.0   1.5   1.3   485.0   485.0 -2550.0 -2500.0
EC_S6_UO30           06 1  5 06 11 02 05 -1771.0   1.5   1.3   488.0   488.0 -2550.0 -2500.0
EC_S6_UO31           06 1  5 06 11 02 06 -1737.0   1.5   1.3   486.8   486.8 -2550.0 -2500.0
EC_S6_UO32           06 1  5 06 11 02 07 -1895.0   1.5   1.3   484.7   484.7 -2550.0 -2500.0
EC_S6_UO33           06 1  5 06 11 02 08 -1648.0   1.5   1.3   488.0   488.0 -2550.0 -2500.0
EC_S6_UO34           06 1  5 06 11 02 09 -1645.0   1.5   1.3   484.3   484.3 -2550.0 -2500.0
EC_S6_UO35           06 1  5 06 11 02 10 -1696.0   1.5   1.3   484.3   484.3 -2550.0 -2500.0
EC_S6_UO36           06 1  5 06 11 02 11 -1658.0   1.5   1.3   486.9   486.9 -2550.0 -2500.0
EC_S6_VO01           06 1  5 06 12 02 00     0.0   1.5   1.3   488.1   488.1 -2550.0 -2500.0
EC_S6_VO02           06 1  5 06 12 02 01 -1743.0   1.5   1.3   487.4   487.4 -2550.0 -2500.0
EC_S6_VO03           06 1  5 06 12 02 02 -1707.0   1.5   1.3   497.7   497.7 -2550.0 -2500.0
EC_S6_VO04           06 1  5 06 12 02 03 -1714.0   1.5   1.3   490.4   490.4 -2550.0 -2500.0
EC_S6_VO05           06 1  5 06 12 02 04 -1674.0   1.5   1.3   480.7   480.7 -2550.0 -2500.0
EC_S6_VO06           06 1  5 06 12 02 05 -1676.0   1.5   1.3   484.5   484.5 -2550.0 -2500.0
EC_S6_VO07           06 1  5 06 12 02 06 -1789.0   1.5   1.3   490.6   490.6 -2550.0 -2500.0
EC_S6_VO08           06 1  5 06 12 02 07 -1644.0   1.5   1.3   488.8   488.8 -2550.0 -2500.0
EC_S6_VO09           06 1  5 06 12 02 08 -1576.0   1.5   1.3   486.2   486.2 -2550.0 -2500.0
EC_S6_VO10           06 1  5 06 12 02 09 -1691.0   1.5   1.3   483.7   483.7 -2550.0 -2500.0
EC_S6_VO11           06 1  5 06 12 02 10 -1681.0   1.5   1.3   487.8   487.8 -2550.0 -2500.0
EC_S6_VO12           06 1  5 06 12 02 11 -1567.0   1.4   1.3   477.5   477.5 -2550.0 -2500.0
EC_S6_VO13           06 1  5 06 13 02 00 -1595.0   1.5   1.3   487.9   487.9 -2550.0 -2500.0
EC_S6_VO14           06 1  5 06 13 02 01 -1653.0   1.5   1.3   489.0   489.0 -2550.0 -2500.0
EC_S6_VO15           06 1  5 06 13 02 02 -1764.0   1.5   1.3   486.1   486.1 -2550.0 -2500.0
EC_S6_VO16           06 1  5 06 13 02 03 -1627.0   1.5   1.3   489.5   489.5 -2550.0 -2500.0
EC_S6_VO17           06 1  5 06 13 02 04 -1688.0   1.5   1.3   490.6   490.6 -2550.0 -2500.0
EC_S6_VO18           06 1  5 06 13 02 05 -1648.0   1.5   1.3   490.5   490.5 -2550.0 -2500.0
EC_S6_VO19           06 1  5 06 13 02 06 -1654.0   1.5   1.3   488.7   488.7 -2550.0 -2500.0
EC_S6_VO20           06 1  5 06 13 02 07 -1697.0   1.5   1.3   489.0   489.0 -2550.0 -2500.0
EC_S6_VO21           06 1  5 06 13 02 08 -1726.0   1.5   1.3   488.5   488.5 -2550.0 -2500.0
EC_S6_VO22           06 1  5 06 13 02 09 -1717.0   1.5   1.3   487.2   487.2 -2550.0 -2500.0
EC_S6_VO23           06 1  5 06 13 02 10 -1663.0   1.5   1.3   486.8   486.8 -2550.0 -2500.0
EC_S6_VO24           06 1  5 06 13 02 11 -1747.0   1.5   1.3   488.7   488.7 -2550.0 -2500.0
EC_S6_VO25           06 1  5 06 14 02 00 -1684.0   1.5   1.3   486.3   486.3 -2550.0 -2500.0
EC_S6_VO26           06 1  5 06 14 02 01 -1661.0   1.5   1.3   487.7   487.7 -2550.0 -2500.0
EC_S6_VO27           06 1  5 06 14 02 02 -1663.0   1.5   1.3   485.7   485.7 -2550.0 -2500.0
EC_S6_VO28           06 1  5 06 14 02 03 -1785.0   1.5   1.3   487.0   487.0 -2550.0 -2500.0
EC_S6_VO29           06 1  5 06 14 02 04 -1690.0   1.5   1.3   488.3   488.3 -2550.0 -2500.0
EC_S6_VO30           06 1  5 06 14 02 05 -1686.0   1.5   1.3   486.4   486.4 -2550.0 -2500.0
EC_S6_VO31           06 1  5 06 14 02 06 -1672.0   1.5   1.3   484.6   484.6 -2550.0 -2500.0
EC_S6_VO32           06 1  5 06 14 02 07 -1708.0   1.5   1.3   491.7   491.7 -2550.0 -2500.0
EC_S6_VO33           06 1  5 06 14 02 08 -1706.0   1.5   1.3   487.0   487.0 -2550.0 -2500.0
EC_S6_VO34           06 1  5 06 14 02 09 -1781.0   1.5   1.3   492.3   492.3 -2550.0 -2500.0
EC_S6_VO35           06 1  5 06 14 02 10 -1655.0   1.5   1.3   492.4   492.4 -2550.0 -2500.0
EC_S6_VO36           06 1  5 06 14 02 11 -1692.0   1.5   1.3   486.8   486.8 -2550.0 -2500.0
EC_S6_WO01           06 1  5 06 15 02 00     0.0   1.5   1.3   488.6   488.6 -2550.0 -2500.0
EC_S6_WO02           06 1  5 06 15 02 01 -2396.0   1.5   1.3   486.5   486.5 -2550.0 -2500.0
EC_S6_WO03           06 1  5 06 15 02 02 -2429.0   1.5   1.3   487.6   487.6 -2550.0 -2500.0
EC_S6_WO04           06 1  5 06 15 02 03 -2383.0   1.5   1.3   486.2   486.2 -2550.0 -2500.0
EC_S6_WO05           06 1  5 06 15 02 04 -2384.0   1.5   1.3   482.1   482.1 -2550.0 -2500.0
EC_S6_WO06           06 1  5 06 15 02 05 -2377.0   1.5   1.3   484.7   484.7 -2550.0 -2500.0
EC_S6_WO07           06 1  5 06 15 02 06 -2367.0   1.5   1.3   487.4   487.4 -2550.0 -2500.0
EC_S6_WO08           06 1  5 06 15 02 07 -2313.0   1.5   1.3   482.0   482.0 -2550.0 -2500.0
EC_S6_WO09           06 1  5 06 15 02 08 -2443.0   1.5   1.3   487.8   487.8 -2550.0 -2500.0
EC_S6_WO10           06 1  5 06 15 02 09 -2328.0   1.5   1.3   485.3   485.3 -2550.0 -2500.0
EC_S6_WO11           06 1  5 06 15 02 10 -2225.0   1.5   1.3   486.9   486.9 -2550.0 -2500.0
EC_S6_WO12           06 1  5 06 15 02 11 -2403.0   1.5   1.3   487.9   487.9 -2550.0 -2500.0
EC_S6_WO13           06 1  5 08 00 02 00 -2277.0   1.5   1.3    60.9   487.9 -2550.0 -2500.0
EC_S6_WO14           06 1  5 08 00 02 01 -2072.0   1.5   1.3    60.6   485.2 -2550.0 -2500.0
EC_S6_WO15           06 1  5 08 00 02 02 -2268.0   1.5   1.3    60.9   487.7 -2550.0 -2500.0
EC_S6_WO16           06 1  5 08 00 02 03 -2337.0   1.5   1.3    60.8   486.5 -2550.0 -2500.0
EC_S6_WO17           06 1  5 08 00 02 04 -2152.0   1.5   1.3    60.7   485.9 -2550.0 -2500.0
EC_S6_WO18           06 1  5 08 00 02 05 -2211.0   1.5   1.3    61.2   490.0 -2550.0 -2500.0
EC_S6_WO19           06 1  5 08 00 02 06 -2426.0   1.5   1.3    61.0   488.6 -2550.0 -2500.0
EC_S6_WO20           06 1  5 08 00 02 07 -2417.0   1.5   1.3    60.8   486.9 -2550.0 -2500.0
EC_S6_WO21           06 1  5 08 00 02 08 -2255.0   1.5   1.3    60.9   487.6 -2550.0 -2500.0
EC_S6_WO22           06 1  5 08 00 02 09 -2314.0   1.5   1.3    61.9   495.8 -2550.0 -2500.0
EC_S6_WO23           06 1  5 08 00 02 10 -2392.0   1.5   1.3    61.1   488.8 -2550.0 -2500.0
EC_S6_WO24           06 1  5 08 00 02 11 -2236.0   1.5   1.3    60.9   487.9 -2550.0 -2500.0
EC_S6_WO25           06 1  5 08 01 02 00 -2473.0   1.5   1.3    60.9   487.2 -2550.0 -2500.0
EC_S6_WO26           06 1  5 08 01 02 01 -2313.0   1.5   1.3    60.7   486.0 -2550.0 -2500.0
EC_S6_WO27           06 1  5 08 01 02 02 -2181.0   1.5   1.3    60.6   485.4 -2550.0 -2500.0
EC_S6_WO28           06 1  5 08 01 02 03 -2257.0   1.5   1.3    60.8   486.9 -2550.0 -2500.0
EC_S6_WO29           06 1  5 08 01 02 04 -2276.0   1.5   1.3    60.6   484.9 -2550.0 -2500.0
EC_S6_WO30           06 1  5 08 01 02 05 -2207.0   1.5   1.3    60.9   487.4 -2550.0 -2500.0
EC_S6_WO31           06 1  5 08 01 02 06 -2234.0   1.5   1.3    60.3   482.5 -2550.0 -2500.0
EC_S6_WO32           06 1  5 08 01 02 07 -2301.0   1.5   1.3    60.2   482.2 -2550.0 -2500.0
EC_S6_WO33           06 1  5 08 01 02 08 -2292.0   1.5   1.3    60.6   485.4 -2550.0 -2500.0
EC_S6_WO34           06 1  5 08 01 02 09 -2122.0   1.5   1.3    60.4   483.9 -2550.0 -2500.0
EC_S6_WO35           06 1  5 08 01 02 10 -2419.0   1.5   1.3    60.6   485.3 -2550.0 -2500.0
EC_S6_WO36           06 1  5 08 01 02 11 -2340.0   1.5   1.3    60.8   486.4 -2550.0 -2500.0
