EC_S1_UI01      01 1 01 04 00 03 00 -1548.0   1.5   1.3    61.0    61.0 -2550.0 -2500.0
EC_S1_UI02      01 1 01 04 00 03 01 -1548.0   1.5   1.3    61.0    61.0 -2550.0 -2500.0
EC_S1_UI03      01 1 01 04 00 03 02 -1548.0   1.5   1.3    61.0    61.0 -2550.0 -2500.0
EC_S1_UI04      01 1 01 04 00 03 03 -1548.0   1.5   1.3    61.0    61.0 -2550.0 -2500.0
EC_S1_UI05      01 1 01 04 00 03 04 -1548.0   1.5   1.3    61.0    61.0 -2550.0 -2500.0
EC_S1_UI06      01 1 01 04 00 03 05 -1548.0   1.5   1.3    61.0    61.0 -2550.0 -2500.0
EC_S1_UI07      01 1 01 04 00 03 06 -1548.0   1.5   1.3    61.0    61.0 -2550.0 -2500.0
EC_S1_UI08      01 1 01 04 00 03 07 -1548.0   1.5   1.3    61.0    61.0 -2550.0 -2500.0
EC_S1_UI09      01 1 01 04 00 03 08 -1548.0   1.5   1.3    61.0    61.0 -2550.0 -2500.0
EC_S1_UI10      01 1 01 04 00 03 09 -1548.0   1.5   1.3    61.0    61.0 -2550.0 -2500.0
EC_S1_UI11      01 1 01 04 00 03 10 -1548.0   1.5   1.3    61.0    61.0 -2550.0 -2500.0
EC_S1_UI12      01 1 01 04 00 03 11 -1548.0   1.5   1.3    61.0    61.0 -2550.0 -2500.0
EC_S1_UI13      01 1 01 04 00 03 12 -1548.0   1.5   1.3    61.0    61.0 -2550.0 -2500.0
EC_S1_UI14      01 1 01 04 00 03 13 -1548.0   1.5   1.3    61.0    61.0 -2550.0 -2500.0
EC_S1_UI15      01 1 01 04 00 03 14 -1548.0   1.5   1.3    61.0    61.0 -2550.0 -2500.0
EC_S1_UI16      01 1 01 04 00 03 15 -1548.0   1.5   1.3    61.0    61.0 -2550.0 -2500.0
EC_S1_UI17      01 1 01 04 00 03 16 -1548.0   1.5   1.3    61.0    61.0 -2550.0 -2500.0
EC_S1_UI18      01 1 01 04 00 03 17 -1548.0   1.5   1.3    61.0    61.0 -2550.0 -2500.0
EC_S1_UI19      01 1 01 04 00 03 18 -1548.0   1.5   1.3    61.0    61.0 -2550.0 -2500.0
EC_S1_UI20      01 1 01 04 00 03 19 -1548.0   1.5   1.3    61.0    61.0 -2550.0 -2500.0
EC_S1_UI21      01 1 01 04 00 03 20 -1548.0   1.5   1.3    61.0    61.0 -2550.0 -2500.0
EC_S1_UI22      01 1 01 04 00 03 21 -1548.0   1.5   1.3    61.0    61.0 -2550.0 -2500.0
EC_S1_UI23      01 1 01 04 00 03 22 -1548.0   1.5   1.3    61.0    61.0 -2550.0 -2500.0
EC_S1_UI24      01 1 01 04 00 03 23 -1548.0   1.5   1.3    61.0    61.0 -2550.0 -2500.0
EC_S1_UI25      01 1 01 04 01 03 00 -1548.0   1.5   1.3    61.0    61.0 -2550.0 -2500.0
EC_S1_UI26      01 1 01 04 01 03 01 -1548.0   1.5   1.3    61.0    61.0 -2550.0 -2500.0
EC_S1_UI27      01 1 01 04 01 03 02 -1548.0   1.5   1.3    61.0    61.0 -2550.0 -2500.0
EC_S1_UI28      01 1 01 04 01 03 03 -1548.0   1.5   1.3    61.0    61.0 -2550.0 -2500.0
EC_S1_UI29      01 1 01 04 01 03 04 -1548.0   1.5   1.3    61.0    61.0 -2550.0 -2500.0
EC_S1_UI30      01 1 01 04 01 03 05 -1548.0   1.5   1.3    61.0    61.0 -2550.0 -2500.0
EC_S1_UI31      01 1 01 04 01 03 06 -1548.0   1.5   1.3    61.0    61.0 -2550.0 -2500.0
EC_S1_UI32      01 1 01 04 01 03 07 -1548.0   1.5   1.3    61.0    61.0 -2550.0 -2500.0
EC_S1_UI33      01 1 01 04 01 03 08 -1548.0   1.5   1.3    61.0    61.0 -2550.0 -2500.0
EC_S1_UI34      01 1 01 04 01 03 09 -1548.0   1.5   1.3    61.0    61.0 -2550.0 -2500.0
EC_S1_UI35      01 1 01 04 01 03 10 -1548.0   1.5   1.3    61.0    61.0 -2550.0 -2500.0
EC_S1_UI36      01 1 01 04 01 03 11 -1548.0   1.5   1.3    61.0    61.0 -2550.0 -2500.0
EC_S1_VI01      01 1 01 04 01 03 12 -1548.0   1.5   1.3    61.0    61.0 -2550.0 -2500.0
EC_S1_VI02      01 1 01 04 01 03 13 -1548.0   1.5   1.3    61.0    61.0 -2550.0 -2500.0
EC_S1_VI03      01 1 01 04 01 03 14 -1548.0   1.5   1.3    61.0    61.0 -2550.0 -2500.0
EC_S1_VI04      01 1 01 04 01 03 15 -1548.0   1.5   1.3    61.0    61.0 -2550.0 -2500.0
EC_S1_VI05      01 1 01 04 01 03 16 -1548.0   1.5   1.3    61.0    61.0 -2550.0 -2500.0
EC_S1_VI06      01 1 01 04 01 03 17 -1548.0   1.5   1.3    61.0    61.0 -2550.0 -2500.0
EC_S1_VI07      01 1 01 04 01 03 18 -1548.0   1.5   1.3    61.0    61.0 -2550.0 -2500.0
EC_S1_VI08      01 1 01 04 01 03 19 -1548.0   1.5   1.3    61.0    61.0 -2550.0 -2500.0
EC_S1_VI09      01 1 01 04 01 03 20 -1548.0   1.5   1.3    61.0    61.0 -2550.0 -2500.0
EC_S1_VI10      01 1 01 04 01 03 21 -1548.0   1.5   1.3    61.0    61.0 -2550.0 -2500.0
EC_S1_VI11      01 1 01 04 01 03 22 -1548.0   1.5   1.3    61.0    61.0 -2550.0 -2500.0
EC_S1_VI12      01 1 01 04 01 03 23 -1548.0   1.5   1.3    61.0    61.0 -2550.0 -2500.0
EC_S1_VI13      01 1 01 04 02 03 00 -1548.0   1.5   1.3    61.0    61.0 -2550.0 -2500.0
EC_S1_VI14      01 1 01 04 02 03 01 -1548.0   1.5   1.3    61.0    61.0 -2550.0 -2500.0
EC_S1_VI15      01 1 01 04 02 03 02 -1548.0   1.5   1.3    61.0    61.0 -2550.0 -2500.0
EC_S1_VI16      01 1 01 04 02 03 03 -1548.0   1.5   1.3    61.0    61.0 -2550.0 -2500.0
EC_S1_VI17      01 1 01 04 02 03 04 -1548.0   1.5   1.3    61.0    61.0 -2550.0 -2500.0
EC_S1_VI18      01 1 01 04 02 03 05 -1548.0   1.5   1.3    61.0    61.0 -2550.0 -2500.0
EC_S1_VI19      01 1 01 04 02 03 06 -1548.0   1.5   1.3    61.0    61.0 -2550.0 -2500.0
EC_S1_VI20      01 1 01 04 02 03 07 -1548.0   1.5   1.3    61.0    61.0 -2550.0 -2500.0
EC_S1_VI21      01 1 01 04 02 03 08 -1548.0   1.5   1.3    61.0    61.0 -2550.0 -2500.0
EC_S1_VI22      01 1 01 04 02 03 09 -1548.0   1.5   1.3    61.0    61.0 -2550.0 -2500.0
EC_S1_VI23      01 1 01 04 02 03 10 -1548.0   1.5   1.3    61.0    61.0 -2550.0 -2500.0
EC_S1_VI24      01 1 01 04 02 03 11 -1548.0   1.5   1.3    61.0    61.0 -2550.0 -2500.0
EC_S1_VI25      01 1 01 04 02 03 12 -1548.0   1.5   1.3    61.0    61.0 -2550.0 -2500.0
EC_S1_VI26      01 1 01 04 02 03 13 -1548.0   1.5   1.3    61.0    61.0 -2550.0 -2500.0
EC_S1_VI27      01 1 01 04 02 03 14 -1548.0   1.5   1.3    61.0    61.0 -2550.0 -2500.0
EC_S1_VI28      01 1 01 04 02 03 15 -1548.0   1.5   1.3    61.0    61.0 -2550.0 -2500.0
EC_S1_VI29      01 1 01 04 02 03 16 -1548.0   1.5   1.3    61.0    61.0 -2550.0 -2500.0
EC_S1_VI30      01 1 01 04 02 03 17 -1548.0   1.5   1.3    61.0    61.0 -2550.0 -2500.0
EC_S1_VI31      01 1 01 04 02 03 18 -1548.0   1.5   1.3    61.0    61.0 -2550.0 -2500.0
EC_S1_VI32      01 1 01 04 02 03 19 -1548.0   1.5   1.3    61.0    61.0 -2550.0 -2500.0
EC_S1_VI33      01 1 01 04 02 03 20 -1548.0   1.5   1.3    61.0    61.0 -2550.0 -2500.0
EC_S1_VI34      01 1 01 04 02 03 21 -1548.0   1.5   1.3    61.0    61.0 -2550.0 -2500.0
EC_S1_VI35      01 1 01 04 02 03 22 -1548.0   1.5   1.3    61.0    61.0 -2550.0 -2500.0
EC_S1_VI36      01 1 01 04 02 03 23 -1548.0   1.5   1.3    61.0    61.0 -2550.0 -2500.0
EC_S1_WI01      01 1 01 04 03 03 00 -1548.0   1.5   1.3    61.0    61.0 -2550.0 -2500.0
EC_S1_WI02      01 1 01 04 03 03 01 -1548.0   1.5   1.3    61.0    61.0 -2550.0 -2500.0
EC_S1_WI03      01 1 01 04 03 03 02 -1548.0   1.5   1.3    61.0    61.0 -2550.0 -2500.0
EC_S1_WI04      01 1 01 04 03 03 03 -1548.0   1.5   1.3    61.0    61.0 -2550.0 -2500.0
EC_S1_WI05      01 1 01 04 03 03 04 -1548.0   1.5   1.3    61.0    61.0 -2550.0 -2500.0
EC_S1_WI06      01 1 01 04 03 03 05 -1548.0   1.5   1.3    61.0    61.0 -2550.0 -2500.0
EC_S1_WI07      01 1 01 04 03 03 06 -1548.0   1.5   1.3    61.0    61.0 -2550.0 -2500.0
EC_S1_WI08      01 1 01 04 03 03 07 -1548.0   1.5   1.3    61.0    61.0 -2550.0 -2500.0
EC_S1_WI09      01 1 01 04 03 03 08 -1548.0   1.5   1.3    61.0    61.0 -2550.0 -2500.0
EC_S1_WI10      01 1 01 04 03 03 09 -1548.0   1.5   1.3    61.0    61.0 -2550.0 -2500.0
EC_S1_WI11      01 1 01 04 03 03 10 -1548.0   1.5   1.3    61.0    61.0 -2550.0 -2500.0
EC_S1_WI12      01 1 01 04 03 03 11 -1548.0   1.5   1.3    61.0    61.0 -2550.0 -2500.0
EC_S1_WI13      01 1 01 04 03 03 12 -1548.0   1.5   1.3    61.0    61.0 -2550.0 -2500.0
EC_S1_WI14      01 1 01 04 03 03 13 -1548.0   1.5   1.3    61.0    61.0 -2550.0 -2500.0
EC_S1_WI15      01 1 01 04 03 03 14 -1548.0   1.5   1.3    61.0    61.0 -2550.0 -2500.0
EC_S1_WI16      01 1 01 04 03 03 15 -1548.0   1.5   1.3    61.0    61.0 -2550.0 -2500.0
EC_S1_WI17      01 1 01 04 03 03 16 -1548.0   1.5   1.3    61.0    61.0 -2550.0 -2500.0
EC_S1_WI18      01 1 01 04 03 03 17 -1548.0   1.5   1.3    61.0    61.0 -2550.0 -2500.0
EC_S1_WI19      01 1 01 04 03 03 18 -1548.0   1.5   1.3    61.0    61.0 -2550.0 -2500.0
EC_S1_WI20      01 1 01 04 03 03 19 -1548.0   1.5   1.3    61.0    61.0 -2550.0 -2500.0
EC_S1_WI21      01 1 01 04 03 03 20 -1548.0   1.5   1.3    61.0    61.0 -2550.0 -2500.0
EC_S1_WI22      01 1 01 04 03 03 21 -1548.0   1.5   1.3    61.0    61.0 -2550.0 -2500.0
EC_S1_WI23      01 1 01 04 03 03 22 -1548.0   1.5   1.3    61.0    61.0 -2550.0 -2500.0
EC_S1_WI24      01 1 01 04 03 03 23 -1548.0   1.5   1.3    61.0    61.0 -2550.0 -2500.0
EC_S1_WI25      01 1 01 04 04 03 00 -1548.0   1.5   1.3    61.0    61.0 -2550.0 -2500.0
EC_S1_WI26      01 1 01 04 04 03 01 -1548.0   1.5   1.3    61.0    61.0 -2550.0 -2500.0
EC_S1_WI27      01 1 01 04 04 03 02 -1548.0   1.5   1.3    61.0    61.0 -2550.0 -2500.0
EC_S1_WI28      01 1 01 04 04 03 03 -1548.0   1.5   1.3    61.0    61.0 -2550.0 -2500.0
EC_S1_WI29      01 1 01 04 04 03 04 -1548.0   1.5   1.3    61.0    61.0 -2550.0 -2500.0
EC_S1_WI30      01 1 01 04 04 03 05 -1548.0   1.5   1.3    61.0    61.0 -2550.0 -2500.0
EC_S1_WI31      01 1 01 04 04 03 06 -1548.0   1.5   1.3    61.0    61.0 -2550.0 -2500.0
EC_S1_WI32      01 1 01 04 04 03 07 -1548.0   1.5   1.3    61.0    61.0 -2550.0 -2500.0
EC_S1_WI33      01 1 01 04 04 03 08 -1548.0   1.5   1.3    61.0    61.0 -2550.0 -2500.0
EC_S1_WI34      01 1 01 04 04 03 09 -1548.0   1.5   1.3    61.0    61.0 -2550.0 -2500.0
EC_S1_WI35      01 1 01 04 04 03 10 -1548.0   1.5   1.3    61.0    61.0 -2550.0 -2500.0
EC_S1_WI36      01 1 01 04 04 03 11 -1548.0   1.5   1.3    61.0    61.0 -2550.0 -2500.0
EC_S1_UO01      01 1 01 04 04 03 12 -1548.0   1.5   1.3    61.0    61.0 -2550.0 -2500.0
EC_S1_UO02      01 1 01 04 04 03 13 -1548.0   1.5   1.3    61.0    61.0 -2550.0 -2500.0
EC_S1_UO03      01 1 01 04 04 03 14 -1548.0   1.5   1.3    61.0    61.0 -2550.0 -2500.0
EC_S1_UO04      01 1 01 04 04 03 15 -1548.0   1.5   1.3    61.0    61.0 -2550.0 -2500.0
EC_S1_UO05      01 1 01 04 04 03 16 -1548.0   1.5   1.3    61.0    61.0 -2550.0 -2500.0
EC_S1_UO06      01 1 01 04 04 03 17 -1548.0   1.5   1.3    61.0    61.0 -2550.0 -2500.0
EC_S1_UO07      01 1 01 04 04 03 18 -1548.0   1.5   1.3    61.0    61.0 -2550.0 -2500.0
EC_S1_UO08      01 1 01 04 04 03 19 -1548.0   1.5   1.3    61.0    61.0 -2550.0 -2500.0
EC_S1_UO09      01 1 01 04 04 03 20 -1548.0   1.5   1.3    61.0    61.0 -2550.0 -2500.0
EC_S1_UO10      01 1 01 04 04 03 21 -1548.0   1.5   1.3    61.0    61.0 -2550.0 -2500.0
EC_S1_UO11      01 1 01 04 04 03 22 -1548.0   1.5   1.3    61.0    61.0 -2550.0 -2500.0
EC_S1_UO12      01 1 01 04 04 03 23 -1548.0   1.5   1.3    61.0    61.0 -2550.0 -2500.0
EC_S1_UO13      01 1 01 04 05 03 00 -1548.0   1.5   1.3    61.0    61.0 -2550.0 -2500.0
EC_S1_UO14      01 1 01 04 05 03 01 -1548.0   1.5   1.3    61.0    61.0 -2550.0 -2500.0
EC_S1_UO15      01 1 01 04 05 03 02 -1548.0   1.5   1.3    61.0    61.0 -2550.0 -2500.0
EC_S1_UO16      01 1 01 04 05 03 03 -1548.0   1.5   1.3    61.0    61.0 -2550.0 -2500.0
EC_S1_UO17      01 1 01 04 05 03 04 -1548.0   1.5   1.3    61.0    61.0 -2550.0 -2500.0
EC_S1_UO18      01 1 01 04 05 03 05 -1548.0   1.5   1.3    61.0    61.0 -2550.0 -2500.0
EC_S1_UO19      01 1 01 04 05 03 06 -1548.0   1.5   1.3    61.0    61.0 -2550.0 -2500.0
EC_S1_UO20      01 1 01 04 05 03 07 -1548.0   1.5   1.3    61.0    61.0 -2550.0 -2500.0
EC_S1_UO21      01 1 01 04 05 03 08 -1548.0   1.5   1.3    61.0    61.0 -2550.0 -2500.0
EC_S1_UO22      01 1 01 04 05 03 09 -1548.0   1.5   1.3    61.0    61.0 -2550.0 -2500.0
EC_S1_UO23      01 1 01 04 05 03 10 -1548.0   1.5   1.3    61.0    61.0 -2550.0 -2500.0
EC_S1_UO24      01 1 01 04 05 03 11 -1548.0   1.5   1.3    61.0    61.0 -2550.0 -2500.0
EC_S1_UO25      01 1 01 04 05 03 12 -1548.0   1.5   1.3    61.0    61.0 -2550.0 -2500.0
EC_S1_UO26      01 1 01 04 05 03 13 -1548.0   1.5   1.3    61.0    61.0 -2550.0 -2500.0
EC_S1_UO27      01 1 01 04 05 03 14 -1548.0   1.5   1.3    61.0    61.0 -2550.0 -2500.0
EC_S1_UO28      01 1 01 04 05 03 15 -1548.0   1.5   1.3    61.0    61.0 -2550.0 -2500.0
EC_S1_UO29      01 1 01 04 05 03 16 -1548.0   1.5   1.3    61.0    61.0 -2550.0 -2500.0
EC_S1_UO30      01 1 01 04 05 03 17 -1548.0   1.5   1.3    61.0    61.0 -2550.0 -2500.0
EC_S1_UO31      01 1 01 04 05 03 18 -1548.0   1.5   1.3    61.0    61.0 -2550.0 -2500.0
EC_S1_UO32      01 1 01 04 05 03 19 -1548.0   1.5   1.3    61.0    61.0 -2550.0 -2500.0
EC_S1_UO33      01 1 01 04 05 03 20 -1548.0   1.5   1.3    61.0    61.0 -2550.0 -2500.0
EC_S1_UO34      01 1 01 04 05 03 21 -1548.0   1.5   1.3    61.0    61.0 -2550.0 -2500.0
EC_S1_UO35      01 1 01 04 05 03 22 -1548.0   1.5   1.3    61.0    61.0 -2550.0 -2500.0
EC_S1_UO36      01 1 01 04 05 03 23 -1548.0   1.5   1.3    61.0    61.0 -2550.0 -2500.0
EC_S1_VO01      01 1 01 04 06 03 00 -1548.0   1.5   1.3    61.0    61.0 -2550.0 -2500.0
EC_S1_VO02      01 1 01 04 06 03 01 -1548.0   1.5   1.3    61.0    61.0 -2550.0 -2500.0
EC_S1_VO03      01 1 01 04 06 03 02 -1548.0   1.5   1.3    61.0    61.0 -2550.0 -2500.0
EC_S1_VO04      01 1 01 04 06 03 03 -1548.0   1.5   1.3    61.0    61.0 -2550.0 -2500.0
EC_S1_VO05      01 1 01 04 06 03 04 -1548.0   1.5   1.3    61.0    61.0 -2550.0 -2500.0
EC_S1_VO06      01 1 01 04 06 03 05 -1548.0   1.5   1.3    61.0    61.0 -2550.0 -2500.0
EC_S1_VO07      01 1 01 04 06 03 06 -1548.0   1.5   1.3    61.0    61.0 -2550.0 -2500.0
EC_S1_VO08      01 1 01 04 06 03 07 -1548.0   1.5   1.3    61.0    61.0 -2550.0 -2500.0
EC_S1_VO09      01 1 01 04 06 03 08 -1548.0   1.5   1.3    61.0    61.0 -2550.0 -2500.0
EC_S1_VO10      01 1 01 04 06 03 09 -1548.0   1.5   1.3    61.0    61.0 -2550.0 -2500.0
EC_S1_VO11      01 1 01 04 06 03 10 -1548.0   1.5   1.3    61.0    61.0 -2550.0 -2500.0
EC_S1_VO12      01 1 01 04 06 03 11 -1548.0   1.5   1.3    61.0    61.0 -2550.0 -2500.0
EC_S1_VO13      01 1 01 04 06 03 12 -1548.0   1.5   1.3    61.0    61.0 -2550.0 -2500.0
EC_S1_VO14      01 1 01 04 06 03 13 -1548.0   1.5   1.3    61.0    61.0 -2550.0 -2500.0
EC_S1_VO15      01 1 01 04 06 03 14 -1548.0   1.5   1.3    61.0    61.0 -2550.0 -2500.0
EC_S1_VO16      01 1 01 04 06 03 15 -1548.0   1.5   1.3    61.0    61.0 -2550.0 -2500.0
EC_S1_VO17      01 1 01 04 06 03 16 -1548.0   1.5   1.3    61.0    61.0 -2550.0 -2500.0
EC_S1_VO18      01 1 01 04 06 03 17 -1548.0   1.5   1.3    61.0    61.0 -2550.0 -2500.0
EC_S1_VO19      01 1 01 04 06 03 18 -1548.0   1.5   1.3    61.0    61.0 -2550.0 -2500.0
EC_S1_VO20      01 1 01 04 06 03 19 -1548.0   1.5   1.3    61.0    61.0 -2550.0 -2500.0
EC_S1_VO21      01 1 01 04 06 03 20 -1548.0   1.5   1.3    61.0    61.0 -2550.0 -2500.0
EC_S1_VO22      01 1 01 04 06 03 21 -1548.0   1.5   1.3    61.0    61.0 -2550.0 -2500.0
EC_S1_VO23      01 1 01 04 06 03 22 -1548.0   1.5   1.3    61.0    61.0 -2550.0 -2500.0
EC_S1_VO24      01 1 01 04 06 03 23 -1548.0   1.5   1.3    61.0    61.0 -2550.0 -2500.0
EC_S1_VO25      01 1 01 04 07 03 00 -1548.0   1.5   1.3    61.0    61.0 -2550.0 -2500.0
EC_S1_VO26      01 1 01 04 07 03 01 -1548.0   1.5   1.3    61.0    61.0 -2550.0 -2500.0
EC_S1_VO27      01 1 01 04 07 03 02 -1548.0   1.5   1.3    61.0    61.0 -2550.0 -2500.0
EC_S1_VO28      01 1 01 04 07 03 03 -1548.0   1.5   1.3    61.0    61.0 -2550.0 -2500.0
EC_S1_VO29      01 1 01 04 07 03 04 -1548.0   1.5   1.3    61.0    61.0 -2550.0 -2500.0
EC_S1_VO30      01 1 01 04 07 03 05 -1548.0   1.5   1.3    61.0    61.0 -2550.0 -2500.0
EC_S1_VO31      01 1 01 04 07 03 06 -1548.0   1.5   1.3    61.0    61.0 -2550.0 -2500.0
EC_S1_VO32      01 1 01 04 07 03 07 -1548.0   1.5   1.3    61.0    61.0 -2550.0 -2500.0
EC_S1_VO33      01 1 01 04 07 03 08 -1548.0   1.5   1.3    61.0    61.0 -2550.0 -2500.0
EC_S1_VO34      01 1 01 04 07 03 09 -1548.0   1.5   1.3    61.0    61.0 -2550.0 -2500.0
EC_S1_VO35      01 1 01 04 07 03 10 -1548.0   1.5   1.3    61.0    61.0 -2550.0 -2500.0
EC_S1_VO36      01 1 01 04 07 03 11 -1548.0   1.5   1.3    61.0    61.0 -2550.0 -2500.0
EC_S1_WO01      01 1 01 04 07 03 12 -1548.0   1.5   1.3    61.0    61.0 -2550.0 -2500.0
EC_S1_WO02      01 1 01 04 07 03 13 -1548.0   1.5   1.3    61.0    61.0 -2550.0 -2500.0
EC_S1_WO03      01 1 01 04 07 03 14 -1548.0   1.5   1.3    61.0    61.0 -2550.0 -2500.0
EC_S1_WO04      01 1 01 04 07 03 15 -1548.0   1.5   1.3    61.0    61.0 -2550.0 -2500.0
EC_S1_WO05      01 1 01 04 07 03 16 -1548.0   1.5   1.3    61.0    61.0 -2550.0 -2500.0
EC_S1_WO06      01 1 01 04 07 03 17 -1548.0   1.5   1.3    61.0    61.0 -2550.0 -2500.0
EC_S1_WO07      01 1 01 04 07 03 18 -1548.0   1.5   1.3    61.0    61.0 -2550.0 -2500.0
EC_S1_WO08      01 1 01 04 07 03 19 -1548.0   1.5   1.3    61.0    61.0 -2550.0 -2500.0
EC_S1_WO09      01 1 01 04 07 03 20 -1548.0   1.5   1.3    61.0    61.0 -2550.0 -2500.0
EC_S1_WO10      01 1 01 04 07 03 21 -1548.0   1.5   1.3    61.0    61.0 -2550.0 -2500.0
EC_S1_WO11      01 1 01 04 07 03 22 -1548.0   1.5   1.3    61.0    61.0 -2550.0 -2500.0
EC_S1_WO12      01 1 01 04 07 03 23 -1548.0   1.5   1.3    61.0    61.0 -2550.0 -2500.0
EC_S2_UI01      02 1 01 04 08 03 00 -1548.0   1.5   1.3    61.0    61.0 -2550.0 -2500.0
EC_S2_UI02      02 1 01 04 08 03 01 -1548.0   1.5   1.3    61.0    61.0 -2550.0 -2500.0
EC_S2_UI03      02 1 01 04 08 03 02 -1548.0   1.5   1.3    61.0    61.0 -2550.0 -2500.0
EC_S2_UI04      02 1 01 04 08 03 03 -1548.0   1.5   1.3    61.0    61.0 -2550.0 -2500.0
EC_S2_UI05      02 1 01 04 08 03 04 -1548.0   1.5   1.3    61.0    61.0 -2550.0 -2500.0
EC_S2_UI06      02 1 01 04 08 03 05 -1548.0   1.5   1.3    61.0    61.0 -2550.0 -2500.0
EC_S2_UI07      02 1 01 04 08 03 06 -1548.0   1.5   1.3    61.0    61.0 -2550.0 -2500.0
EC_S2_UI08      02 1 01 04 08 03 07 -1548.0   1.5   1.3    61.0    61.0 -2550.0 -2500.0
EC_S2_UI09      02 1 01 04 08 03 08 -1548.0   1.5   1.3    61.0    61.0 -2550.0 -2500.0
EC_S2_UI10      02 1 01 04 08 03 09 -1548.0   1.5   1.3    61.0    61.0 -2550.0 -2500.0
EC_S2_UI11      02 1 01 04 08 03 10 -1548.0   1.5   1.3    61.0    61.0 -2550.0 -2500.0
EC_S2_UI12      02 1 01 04 08 03 11 -1548.0   1.5   1.3    61.0    61.0 -2550.0 -2500.0
EC_S2_UI13      02 1 01 04 08 03 12 -1548.0   1.5   1.3    61.0    61.0 -2550.0 -2500.0
EC_S2_UI14      02 1 01 04 08 03 13 -1548.0   1.5   1.3    61.0    61.0 -2550.0 -2500.0
EC_S2_UI15      02 1 01 04 08 03 14 -1548.0   1.5   1.3    61.0    61.0 -2550.0 -2500.0
EC_S2_UI16      02 1 01 04 08 03 15 -1548.0   1.5   1.3    61.0    61.0 -2550.0 -2500.0
EC_S2_UI17      02 1 01 04 08 03 16 -1548.0   1.5   1.3    61.0    61.0 -2550.0 -2500.0
EC_S2_UI18      02 1 01 04 08 03 17 -1548.0   1.5   1.3    61.0    61.0 -2550.0 -2500.0
EC_S2_UI19      02 1 01 04 08 03 18 -1548.0   1.5   1.3    61.0    61.0 -2550.0 -2500.0
EC_S2_UI20      02 1 01 04 08 03 19 -1548.0   1.5   1.3    61.0    61.0 -2550.0 -2500.0
EC_S2_UI21      02 1 01 04 08 03 20 -1548.0   1.5   1.3    61.0    61.0 -2550.0 -2500.0
EC_S2_UI22      02 1 01 04 08 03 21 -1548.0   1.5   1.3    61.0    61.0 -2550.0 -2500.0
EC_S2_UI23      02 1 01 04 08 03 22 -1548.0   1.5   1.3    61.0    61.0 -2550.0 -2500.0
EC_S2_UI24      02 1 01 04 08 03 23 -1548.0   1.5   1.3    61.0    61.0 -2550.0 -2500.0
EC_S2_UI25      02 1 01 04 09 03 00 -1548.0   1.5   1.3    61.0    61.0 -2550.0 -2500.0
EC_S2_UI26      02 1 01 04 09 03 01 -1548.0   1.5   1.3    61.0    61.0 -2550.0 -2500.0
EC_S2_UI27      02 1 01 04 09 03 02 -1548.0   1.5   1.3    61.0    61.0 -2550.0 -2500.0
EC_S2_UI28      02 1 01 04 09 03 03 -1548.0   1.5   1.3    61.0    61.0 -2550.0 -2500.0
EC_S2_UI29      02 1 01 04 09 03 04 -1548.0   1.5   1.3    61.0    61.0 -2550.0 -2500.0
EC_S2_UI30      02 1 01 04 09 03 05 -1548.0   1.5   1.3    61.0    61.0 -2550.0 -2500.0
EC_S2_UI31      02 1 01 04 09 03 06 -1548.0   1.5   1.3    61.0    61.0 -2550.0 -2500.0
EC_S2_UI32      02 1 01 04 09 03 07 -1548.0   1.5   1.3    61.0    61.0 -2550.0 -2500.0
EC_S2_UI33      02 1 01 04 09 03 08 -1548.0   1.5   1.3    61.0    61.0 -2550.0 -2500.0
EC_S2_UI34      02 1 01 04 09 03 09 -1548.0   1.5   1.3    61.0    61.0 -2550.0 -2500.0
EC_S2_UI35      02 1 01 04 09 03 10 -1548.0   1.5   1.3    61.0    61.0 -2550.0 -2500.0
EC_S2_UI36      02 1 01 04 09 03 11 -1548.0   1.5   1.3    61.0    61.0 -2550.0 -2500.0
EC_S2_VI01      02 1 01 04 09 03 12 -1548.0   1.5   1.3    61.0    61.0 -2550.0 -2500.0
EC_S2_VI02      02 1 01 04 09 03 13 -1548.0   1.5   1.3    61.0    61.0 -2550.0 -2500.0
EC_S2_VI03      02 1 01 04 09 03 14 -1548.0   1.5   1.3    61.0    61.0 -2550.0 -2500.0
EC_S2_VI04      02 1 01 04 09 03 15 -1548.0   1.5   1.3    61.0    61.0 -2550.0 -2500.0
EC_S2_VI05      02 1 01 04 09 03 16 -1548.0   1.5   1.3    61.0    61.0 -2550.0 -2500.0
EC_S2_VI06      02 1 01 04 09 03 17 -1548.0   1.5   1.3    61.0    61.0 -2550.0 -2500.0
EC_S2_VI07      02 1 01 04 09 03 18 -1548.0   1.5   1.3    61.0    61.0 -2550.0 -2500.0
EC_S2_VI08      02 1 01 04 09 03 19 -1548.0   1.5   1.3    61.0    61.0 -2550.0 -2500.0
EC_S2_VI09      02 1 01 04 09 03 20 -1548.0   1.5   1.3    61.0    61.0 -2550.0 -2500.0
EC_S2_VI10      02 1 01 04 09 03 21 -1548.0   1.5   1.3    61.0    61.0 -2550.0 -2500.0
EC_S2_VI11      02 1 01 04 09 03 22 -1548.0   1.5   1.3    61.0    61.0 -2550.0 -2500.0
EC_S2_VI12      02 1 01 04 09 03 23 -1548.0   1.5   1.3    61.0    61.0 -2550.0 -2500.0
EC_S2_VI13      02 1 01 04 10 03 00 -1548.0   1.5   1.3    61.0    61.0 -2550.0 -2500.0
EC_S2_VI14      02 1 01 04 10 03 01 -1548.0   1.5   1.3    61.0    61.0 -2550.0 -2500.0
EC_S2_VI15      02 1 01 04 10 03 02 -1548.0   1.5   1.3    61.0    61.0 -2550.0 -2500.0
EC_S2_VI16      02 1 01 04 10 03 03 -1548.0   1.5   1.3    61.0    61.0 -2550.0 -2500.0
EC_S2_VI17      02 1 01 04 10 03 04 -1548.0   1.5   1.3    61.0    61.0 -2550.0 -2500.0
EC_S2_VI18      02 1 01 04 10 03 05 -1548.0   1.5   1.3    61.0    61.0 -2550.0 -2500.0
EC_S2_VI19      02 1 01 04 10 03 06 -1548.0   1.5   1.3    61.0    61.0 -2550.0 -2500.0
EC_S2_VI20      02 1 01 04 10 03 07 -1548.0   1.5   1.3    61.0    61.0 -2550.0 -2500.0
EC_S2_VI21      02 1 01 04 10 03 08 -1548.0   1.5   1.3    61.0    61.0 -2550.0 -2500.0
EC_S2_VI22      02 1 01 04 10 03 09 -1548.0   1.5   1.3    61.0    61.0 -2550.0 -2500.0
EC_S2_VI23      02 1 01 04 10 03 10 -1548.0   1.5   1.3    61.0    61.0 -2550.0 -2500.0
EC_S2_VI24      02 1 01 04 10 03 11 -1548.0   1.5   1.3    61.0    61.0 -2550.0 -2500.0
EC_S2_VI25      02 1 01 04 10 03 12 -1548.0   1.5   1.3    61.0    61.0 -2550.0 -2500.0
EC_S2_VI26      02 1 01 04 10 03 13 -1548.0   1.5   1.3    61.0    61.0 -2550.0 -2500.0
EC_S2_VI27      02 1 01 04 10 03 14 -1548.0   1.5   1.3    61.0    61.0 -2550.0 -2500.0
EC_S2_VI28      02 1 01 04 10 03 15 -1548.0   1.5   1.3    61.0    61.0 -2550.0 -2500.0
EC_S2_VI29      02 1 01 04 10 03 16 -1548.0   1.5   1.3    61.0    61.0 -2550.0 -2500.0
EC_S2_VI30      02 1 01 04 10 03 17 -1548.0   1.5   1.3    61.0    61.0 -2550.0 -2500.0
EC_S2_VI31      02 1 01 04 10 03 18 -1548.0   1.5   1.3    61.0    61.0 -2550.0 -2500.0
EC_S2_VI32      02 1 01 04 10 03 19 -1548.0   1.5   1.3    61.0    61.0 -2550.0 -2500.0
EC_S2_VI33      02 1 01 04 10 03 20 -1548.0   1.5   1.3    61.0    61.0 -2550.0 -2500.0
EC_S2_VI34      02 1 01 04 10 03 21 -1548.0   1.5   1.3    61.0    61.0 -2550.0 -2500.0
EC_S2_VI35      02 1 01 04 10 03 22 -1548.0   1.5   1.3    61.0    61.0 -2550.0 -2500.0
EC_S2_VI36      02 1 01 04 10 03 23 -1548.0   1.5   1.3    61.0    61.0 -2550.0 -2500.0
EC_S2_WI01      02 1 01 04 11 03 00 -1548.0   1.5   1.3    61.0    61.0 -2550.0 -2500.0
EC_S2_WI02      02 1 01 04 11 03 01 -1548.0   1.5   1.3    61.0    61.0 -2550.0 -2500.0
EC_S2_WI03      02 1 01 04 11 03 02 -1548.0   1.5   1.3    61.0    61.0 -2550.0 -2500.0
EC_S2_WI04      02 1 01 04 11 03 03 -1548.0   1.5   1.3    61.0    61.0 -2550.0 -2500.0
EC_S2_WI05      02 1 01 04 11 03 04 -1548.0   1.5   1.3    61.0    61.0 -2550.0 -2500.0
EC_S2_WI06      02 1 01 04 11 03 05 -1548.0   1.5   1.3    61.0    61.0 -2550.0 -2500.0
EC_S2_WI07      02 1 01 04 11 03 06 -1548.0   1.5   1.3    61.0    61.0 -2550.0 -2500.0
EC_S2_WI08      02 1 01 04 11 03 07 -1548.0   1.5   1.3    61.0    61.0 -2550.0 -2500.0
EC_S2_WI09      02 1 01 04 11 03 08 -1548.0   1.5   1.3    61.0    61.0 -2550.0 -2500.0
EC_S2_WI10      02 1 01 04 11 03 09 -1548.0   1.5   1.3    61.0    61.0 -2550.0 -2500.0
EC_S2_WI11      02 1 01 04 11 03 10 -1548.0   1.5   1.3    61.0    61.0 -2550.0 -2500.0
EC_S2_WI12      02 1 01 04 11 03 11 -1548.0   1.5   1.3    61.0    61.0 -2550.0 -2500.0
EC_S2_WI13      02 1 01 04 11 03 12 -1548.0   1.5   1.3    61.0    61.0 -2550.0 -2500.0
EC_S2_WI14      02 1 01 04 11 03 13 -1548.0   1.5   1.3    61.0    61.0 -2550.0 -2500.0
EC_S2_WI15      02 1 01 04 11 03 14 -1548.0   1.5   1.3    61.0    61.0 -2550.0 -2500.0
EC_S2_WI16      02 1 01 04 11 03 15 -1548.0   1.5   1.3    61.0    61.0 -2550.0 -2500.0
EC_S2_WI17      02 1 01 04 11 03 16 -1548.0   1.5   1.3    61.0    61.0 -2550.0 -2500.0
EC_S2_WI18      02 1 01 04 11 03 17 -1548.0   1.5   1.3    61.0    61.0 -2550.0 -2500.0
EC_S2_WI19      02 1 01 04 11 03 18 -1548.0   1.5   1.3    61.0    61.0 -2550.0 -2500.0
EC_S2_WI20      02 1 01 04 11 03 19 -1548.0   1.5   1.3    61.0    61.0 -2550.0 -2500.0
EC_S2_WI21      02 1 01 04 11 03 20 -1548.0   1.5   1.3    61.0    61.0 -2550.0 -2500.0
EC_S2_WI22      02 1 01 04 11 03 21 -1548.0   1.5   1.3    61.0    61.0 -2550.0 -2500.0
EC_S2_WI23      02 1 01 04 11 03 22 -1548.0   1.5   1.3    61.0    61.0 -2550.0 -2500.0
EC_S2_WI24      02 1 01 04 11 03 23 -1548.0   1.5   1.3    61.0    61.0 -2550.0 -2500.0
EC_S2_WI25      02 1 01 04 12 03 00 -1548.0   1.5   1.3    61.0    61.0 -2550.0 -2500.0
EC_S2_WI26      02 1 01 04 12 03 01 -1548.0   1.5   1.3    61.0    61.0 -2550.0 -2500.0
EC_S2_WI27      02 1 01 04 12 03 02 -1548.0   1.5   1.3    61.0    61.0 -2550.0 -2500.0
EC_S2_WI28      02 1 01 04 12 03 03 -1548.0   1.5   1.3    61.0    61.0 -2550.0 -2500.0
EC_S2_WI29      02 1 01 04 12 03 04 -1548.0   1.5   1.3    61.0    61.0 -2550.0 -2500.0
EC_S2_WI30      02 1 01 04 12 03 05 -1548.0   1.5   1.3    61.0    61.0 -2550.0 -2500.0
EC_S2_WI31      02 1 01 04 12 03 06 -1548.0   1.5   1.3    61.0    61.0 -2550.0 -2500.0
EC_S2_WI32      02 1 01 04 12 03 07 -1548.0   1.5   1.3    61.0    61.0 -2550.0 -2500.0
EC_S2_WI33      02 1 01 04 12 03 08 -1548.0   1.5   1.3    61.0    61.0 -2550.0 -2500.0
EC_S2_WI34      02 1 01 04 12 03 09 -1548.0   1.5   1.3    61.0    61.0 -2550.0 -2500.0
EC_S2_WI35      02 1 01 04 12 03 10 -1548.0   1.5   1.3    61.0    61.0 -2550.0 -2500.0
EC_S2_WI36      02 1 01 04 12 03 11 -1548.0   1.5   1.3    61.0    61.0 -2550.0 -2500.0
EC_S2_UO01      02 1 01 04 12 03 12 -1548.0   1.5   1.3    61.0    61.0 -2550.0 -2500.0
EC_S2_UO02      02 1 01 04 12 03 13 -1548.0   1.5   1.3    61.0    61.0 -2550.0 -2500.0
EC_S2_UO03      02 1 01 04 12 03 14 -1548.0   1.5   1.3    61.0    61.0 -2550.0 -2500.0
EC_S2_UO04      02 1 01 04 12 03 15 -1548.0   1.5   1.3    61.0    61.0 -2550.0 -2500.0
EC_S2_UO05      02 1 01 04 12 03 16 -1548.0   1.5   1.3    61.0    61.0 -2550.0 -2500.0
EC_S2_UO06      02 1 01 04 12 03 17 -1548.0   1.5   1.3    61.0    61.0 -2550.0 -2500.0
EC_S2_UO07      02 1 01 04 12 03 18 -1548.0   1.5   1.3    61.0    61.0 -2550.0 -2500.0
EC_S2_UO08      02 1 01 04 12 03 19 -1548.0   1.5   1.3    61.0    61.0 -2550.0 -2500.0
EC_S2_UO09      02 1 01 04 12 03 20 -1548.0   1.5   1.3    61.0    61.0 -2550.0 -2500.0
EC_S2_UO10      02 1 01 04 12 03 21 -1548.0   1.5   1.3    61.0    61.0 -2550.0 -2500.0
EC_S2_UO11      02 1 01 04 12 03 22 -1548.0   1.5   1.3    61.0    61.0 -2550.0 -2500.0
EC_S2_UO12      02 1 01 04 12 03 23 -1548.0   1.5   1.3    61.0    61.0 -2550.0 -2500.0
EC_S2_UO13      02 1 01 04 13 03 00 -1548.0   1.5   1.3    61.0    61.0 -2550.0 -2500.0
EC_S2_UO14      02 1 01 04 13 03 01 -1548.0   1.5   1.3    61.0    61.0 -2550.0 -2500.0
EC_S2_UO15      02 1 01 04 13 03 02 -1548.0   1.5   1.3    61.0    61.0 -2550.0 -2500.0
EC_S2_UO16      02 1 01 04 13 03 03 -1548.0   1.5   1.3    61.0    61.0 -2550.0 -2500.0
EC_S2_UO17      02 1 01 04 13 03 04 -1548.0   1.5   1.3    61.0    61.0 -2550.0 -2500.0
EC_S2_UO18      02 1 01 04 13 03 05 -1548.0   1.5   1.3    61.0    61.0 -2550.0 -2500.0
EC_S2_UO19      02 1 01 04 13 03 06 -1548.0   1.5   1.3    61.0    61.0 -2550.0 -2500.0
EC_S2_UO20      02 1 01 04 13 03 07 -1548.0   1.5   1.3    61.0    61.0 -2550.0 -2500.0
EC_S2_UO21      02 1 01 04 13 03 08 -1548.0   1.5   1.3    61.0    61.0 -2550.0 -2500.0
EC_S2_UO22      02 1 01 04 13 03 09 -1548.0   1.5   1.3    61.0    61.0 -2550.0 -2500.0
EC_S2_UO23      02 1 01 04 13 03 10 -1548.0   1.5   1.3    61.0    61.0 -2550.0 -2500.0
EC_S2_UO24      02 1 01 04 13 03 11 -1548.0   1.5   1.3    61.0    61.0 -2550.0 -2500.0
EC_S2_UO25      02 1 01 04 13 03 12 -1548.0   1.5   1.3    61.0    61.0 -2550.0 -2500.0
EC_S2_UO26      02 1 01 04 13 03 13 -1548.0   1.5   1.3    61.0    61.0 -2550.0 -2500.0
EC_S2_UO27      02 1 01 04 13 03 14 -1548.0   1.5   1.3    61.0    61.0 -2550.0 -2500.0
EC_S2_UO28      02 1 01 04 13 03 15 -1548.0   1.5   1.3    61.0    61.0 -2550.0 -2500.0
EC_S2_UO29      02 1 01 04 13 03 16 -1548.0   1.5   1.3    61.0    61.0 -2550.0 -2500.0
EC_S2_UO30      02 1 01 04 13 03 17 -1548.0   1.5   1.3    61.0    61.0 -2550.0 -2500.0
EC_S2_UO31      02 1 01 04 13 03 18 -1548.0   1.5   1.3    61.0    61.0 -2550.0 -2500.0
EC_S2_UO32      02 1 01 04 13 03 19 -1548.0   1.5   1.3    61.0    61.0 -2550.0 -2500.0
EC_S2_UO33      02 1 01 04 13 03 20 -1548.0   1.5   1.3    61.0    61.0 -2550.0 -2500.0
EC_S2_UO34      02 1 01 04 13 03 21 -1548.0   1.5   1.3    61.0    61.0 -2550.0 -2500.0
EC_S2_UO35      02 1 01 04 13 03 22 -1548.0   1.5   1.3    61.0    61.0 -2550.0 -2500.0
EC_S2_UO36      02 1 01 04 13 03 23 -1548.0   1.5   1.3    61.0    61.0 -2550.0 -2500.0
EC_S2_VO01      02 1 01 04 14 03 00 -1548.0   1.5   1.3    61.0    61.0 -2550.0 -2500.0
EC_S2_VO02      02 1 01 04 14 03 01 -1548.0   1.5   1.3    61.0    61.0 -2550.0 -2500.0
EC_S2_VO03      02 1 01 04 14 03 02 -1548.0   1.5   1.3    61.0    61.0 -2550.0 -2500.0
EC_S2_VO04      02 1 01 04 14 03 03 -1548.0   1.5   1.3    61.0    61.0 -2550.0 -2500.0
EC_S2_VO05      02 1 01 04 14 03 04 -1548.0   1.5   1.3    61.0    61.0 -2550.0 -2500.0
EC_S2_VO06      02 1 01 04 14 03 05 -1548.0   1.5   1.3    61.0    61.0 -2550.0 -2500.0
EC_S2_VO07      02 1 01 04 14 03 06 -1548.0   1.5   1.3    61.0    61.0 -2550.0 -2500.0
EC_S2_VO08      02 1 01 04 14 03 07 -1548.0   1.5   1.3    61.0    61.0 -2550.0 -2500.0
EC_S2_VO09      02 1 01 04 14 03 08 -1548.0   1.5   1.3    61.0    61.0 -2550.0 -2500.0
EC_S2_VO10      02 1 01 04 14 03 09 -1548.0   1.5   1.3    61.0    61.0 -2550.0 -2500.0
EC_S2_VO11      02 1 01 04 14 03 10 -1548.0   1.5   1.3    61.0    61.0 -2550.0 -2500.0
EC_S2_VO12      02 1 01 04 14 03 11 -1548.0   1.5   1.3    61.0    61.0 -2550.0 -2500.0
EC_S2_VO13      02 1 01 04 14 03 12 -1548.0   1.5   1.3    61.0    61.0 -2550.0 -2500.0
EC_S2_VO14      02 1 01 04 14 03 13 -1548.0   1.5   1.3    61.0    61.0 -2550.0 -2500.0
EC_S2_VO15      02 1 01 04 14 03 14 -1548.0   1.5   1.3    61.0    61.0 -2550.0 -2500.0
EC_S2_VO16      02 1 01 04 14 03 15 -1548.0   1.5   1.3    61.0    61.0 -2550.0 -2500.0
EC_S2_VO17      02 1 01 04 14 03 16 -1548.0   1.5   1.3    61.0    61.0 -2550.0 -2500.0
EC_S2_VO18      02 1 01 04 14 03 17 -1548.0   1.5   1.3    61.0    61.0 -2550.0 -2500.0
EC_S2_VO19      02 1 01 04 14 03 18 -1548.0   1.5   1.3    61.0    61.0 -2550.0 -2500.0
EC_S2_VO20      02 1 01 04 14 03 19 -1548.0   1.5   1.3    61.0    61.0 -2550.0 -2500.0
EC_S2_VO21      02 1 01 04 14 03 20 -1548.0   1.5   1.3    61.0    61.0 -2550.0 -2500.0
EC_S2_VO22      02 1 01 04 14 03 21 -1548.0   1.5   1.3    61.0    61.0 -2550.0 -2500.0
EC_S2_VO23      02 1 01 04 14 03 22 -1548.0   1.5   1.3    61.0    61.0 -2550.0 -2500.0
EC_S2_VO24      02 1 01 04 14 03 23 -1548.0   1.5   1.3    61.0    61.0 -2550.0 -2500.0
EC_S2_VO25      02 1 01 04 15 03 00 -1548.0   1.5   1.3    61.0    61.0 -2550.0 -2500.0
EC_S2_VO26      02 1 01 04 15 03 01 -1548.0   1.5   1.3    61.0    61.0 -2550.0 -2500.0
EC_S2_VO27      02 1 01 04 15 03 02 -1548.0   1.5   1.3    61.0    61.0 -2550.0 -2500.0
EC_S2_VO28      02 1 01 04 15 03 03 -1548.0   1.5   1.3    61.0    61.0 -2550.0 -2500.0
EC_S2_VO29      02 1 01 04 15 03 04 -1548.0   1.5   1.3    61.0    61.0 -2550.0 -2500.0
EC_S2_VO30      02 1 01 04 15 03 05 -1548.0   1.5   1.3    61.0    61.0 -2550.0 -2500.0
EC_S2_VO31      02 1 01 04 15 03 06 -1548.0   1.5   1.3    61.0    61.0 -2550.0 -2500.0
EC_S2_VO32      02 1 01 04 15 03 07 -1548.0   1.5   1.3    61.0    61.0 -2550.0 -2500.0
EC_S2_VO33      02 1 01 04 15 03 08 -1548.0   1.5   1.3    61.0    61.0 -2550.0 -2500.0
EC_S2_VO34      02 1 01 04 15 03 09 -1548.0   1.5   1.3    61.0    61.0 -2550.0 -2500.0
EC_S2_VO35      02 1 01 04 15 03 10 -1548.0   1.5   1.3    61.0    61.0 -2550.0 -2500.0
EC_S2_VO36      02 1 01 04 15 03 11 -1548.0   1.5   1.3    61.0    61.0 -2550.0 -2500.0
EC_S2_WO01      02 1 01 04 15 03 12 -1548.0   1.5   1.3    61.0    61.0 -2550.0 -2500.0
EC_S2_WO02      02 1 01 04 15 03 13 -1548.0   1.5   1.3    61.0    61.0 -2550.0 -2500.0
EC_S2_WO03      02 1 01 04 15 03 14 -1548.0   1.5   1.3    61.0    61.0 -2550.0 -2500.0
EC_S2_WO04      02 1 01 04 15 03 15 -1548.0   1.5   1.3    61.0    61.0 -2550.0 -2500.0
EC_S2_WO05      02 1 01 04 15 03 16 -1548.0   1.5   1.3    61.0    61.0 -2550.0 -2500.0
EC_S2_WO06      02 1 01 04 15 03 17 -1548.0   1.5   1.3    61.0    61.0 -2550.0 -2500.0
EC_S2_WO07      02 1 01 04 15 03 18 -1548.0   1.5   1.3    61.0    61.0 -2550.0 -2500.0
EC_S2_WO08      02 1 01 04 15 03 19 -1548.0   1.5   1.3    61.0    61.0 -2550.0 -2500.0
EC_S2_WO09      02 1 01 04 15 03 20 -1548.0   1.5   1.3    61.0    61.0 -2550.0 -2500.0
EC_S2_WO10      02 1 01 04 15 03 21 -1548.0   1.5   1.3    61.0    61.0 -2550.0 -2500.0
EC_S2_WO11      02 1 01 04 15 03 22 -1548.0   1.5   1.3    61.0    61.0 -2550.0 -2500.0
EC_S2_WO12      02 1 01 04 15 03 23 -1548.0   1.5   1.3    61.0    61.0 -2550.0 -2500.0
