LAC_S2_IN_LL_01    03 1 09 03 00 03 00 -1000.0   1.5   1.3   121.5   486.0  2550.0  2500.0
LAC_S2_IN_LL_02    03 1 09 03 00 03 01 -1000.0   1.5   1.3   121.5   486.0  2550.0  2500.0
LAC_S2_IN_LL_03    03 1 09 03 00 03 02 -1000.0   1.5   1.3   121.5   486.0  2550.0  2500.0
LAC_S2_IN_LL_04    03 1 09 03 00 03 03 -1000.0   1.5   1.3   121.5   486.0  2550.0  2500.0
LAC_S2_IN_LL_05    03 1 09 03 00 03 04 -1000.0   1.5   1.3   121.5   486.0  2550.0  2500.0
LAC_S2_IN_LL_06    03 1 09 03 00 03 05 -1000.0   1.5   1.3   121.5   486.0  2550.0  2500.0
LAC_S2_IN_LL_07    03 1 09 03 00 03 06 -1000.0   1.5   1.3   121.5   486.0  2550.0  2500.0
LAC_S2_IN_LL_08    03 1 09 03 00 03 07 -1000.0   1.5   1.3   121.5   486.0  2550.0  2500.0
LAC_S2_IN_LL_09    03 1 09 03 00 03 08 -1000.0   1.5   1.3   121.5   486.0  2550.0  2500.0
LAC_S2_IN_LL_10    03 1 09 03 00 03 09 -1000.0   1.5   1.3   121.5   486.0  2550.0  2500.0
LAC_S2_IN_LL_11    03 1 09 03 00 03 10 -1000.0   1.5   1.3   121.5   486.0  2550.0  2500.0
LAC_S2_IN_LL_12    03 1 09 03 00 03 11 -1000.0   1.5   1.3   121.5   486.0  2550.0  2500.0
LAC_S2_IN_LL_13    03 1 09 03 00 03 12 -1000.0   1.5   1.3   121.5   486.0  2550.0  2500.0
LAC_S2_IN_LL_14    03 1 09 03 00 03 13 -1000.0   1.5   1.3   121.5   486.0  2550.0  2500.0
LAC_S2_IN_LL_15    03 1 09 03 00 03 14 -1000.0   1.5   1.3   121.5   486.0  2550.0  2500.0
LAC_S2_IN_LL_16    03 1 09 03 00 03 15 -1000.0   1.5   1.3   121.5   486.0  2550.0  2500.0
LAC_S2_IN_LL_17    03 1 09 03 09 03 00 -1000.0   1.5   1.3   121.5   486.0  2550.0  2500.0
LAC_S2_IN_LL_18    03 1 09 03 09 03 01 -1000.0   1.5   1.3   121.5   486.0  2550.0  2500.0
LAC_S2_IN_LL_19    03 1 09 03 09 03 02 -1000.0   1.5   1.3   121.5   486.0  2550.0  2500.0
LAC_S2_IN_LL_20    03 1 09 03 09 03 03 -1000.0   1.5   1.3   121.5   486.0  2550.0  2500.0
LAC_S2_IN_LL_21    03 1 09 03 09 03 04 -1000.0   1.5   1.3   121.5   486.0  2550.0  2500.0
LAC_S2_IN_LL_22    03 1 09 03 09 03 05 -1000.0   1.5   1.3   121.5   486.0  2550.0  2500.0
LAC_S2_IN_LL_23    03 1 09 03 09 03 06 -1000.0   1.5   1.3   121.5   486.0  2550.0  2500.0
LAC_S2_IN_LL_24    03 1 09 03 09 03 07 -1000.0   1.5   1.3   121.5   486.0  2550.0  2500.0
LAC_S2_IN_LS_01    03 1 09 03 09 03 08 -1000.0   1.5   1.3   121.5   486.0  2550.0  2500.0
LAC_S2_IN_LS_02    03 1 09 03 09 03 09 -1000.0   1.5   1.3   121.5   486.0  2550.0  2500.0
LAC_S2_IN_LS_03    03 1 09 03 09 03 10 -1000.0   1.5   1.3   121.5   486.0  2550.0  2500.0
LAC_S2_IN_LS_04    03 1 09 03 09 03 11 -1000.0   1.5   1.3   121.5   486.0  2550.0  2500.0
LAC_S2_IN_LS_05    03 1 09 03 09 03 12 -1000.0   1.5   1.3   121.5   486.0  2550.0  2500.0
LAC_S2_IN_LS_06    03 1 09 03 09 03 13 -1000.0   1.5   1.3   121.5   486.0  2550.0  2500.0
LAC_S2_IN_LS_07    03 1 09 03 09 03 14 -1000.0   1.5   1.3   121.5   486.0  2550.0  2500.0
LAC_S2_IN_LS_08    03 1 09 03 09 03 15 -1000.0   1.5   1.3   121.5   486.0  2550.0  2500.0
LAC_S2_IN_LS_09    03 1 09 03 02 03 00 -1000.0   1.5   1.3   121.5   486.0  2550.0  2500.0
LAC_S2_IN_LS_10    03 1 09 03 02 03 01 -1000.0   1.5   1.3   121.5   486.0  2550.0  2500.0
LAC_S2_IN_LS_11    03 1 09 03 02 03 02 -1000.0   1.5   1.3   121.5   486.0  2550.0  2500.0
LAC_S2_IN_LS_12    03 1 09 03 02 03 03 -1000.0   1.5   1.3   121.5   486.0  2550.0  2500.0
LAC_S2_IN_LS_13    03 1 09 03 02 03 04 -1000.0   1.5   1.3   121.5   486.0  2550.0  2500.0
LAC_S2_IN_LS_14    03 1 09 03 02 03 05 -1000.0   1.5   1.3   121.5   486.0  2550.0  2500.0
LAC_S2_IN_LS_15    03 1 09 03 02 03 06 -1000.0   1.5   1.3   121.5   486.0  2550.0  2500.0
LAC_S2_IN_LS_16    03 1 09 03 02 03 07 -1000.0   1.5   1.3   121.5   486.0  2550.0  2500.0
LAC_S2_IN_LS_17    03 1 09 03 02 03 08 -1000.0   1.5   1.3   121.5   486.0  2550.0  2500.0
LAC_S2_IN_LS_18    03 1 09 03 02 03 09 -1000.0   1.5   1.3   121.5   486.0  2550.0  2500.0
LAC_S2_IN_LS_19    03 1 09 03 02 03 10 -1000.0   1.5   1.3   121.5   486.0  2550.0  2500.0
LAC_S2_IN_LS_20    03 1 09 03 02 03 11 -1000.0   1.5   1.3   121.5   486.0  2550.0  2500.0
LAC_S2_IN_LS_21    03 1 09 03 02 03 12 -1000.0   1.5   1.3   121.5   486.0  2550.0  2500.0
LAC_S2_IN_LS_22    03 1 09 03 02 03 13 -1000.0   1.5   1.3   121.5   486.0  2550.0  2500.0
LAC_S2_IN_LS_23    03 1 09 03 02 03 14 -1000.0   1.5   1.3   121.5   486.0  2550.0  2500.0
LAC_S2_IN_LS_24    03 1 09 03 02 03 15 -1000.0   1.5   1.3   121.5   486.0  2550.0  2500.0
LAC_S2_IN_LS_25    03 1 09 03 03 03 00 -1000.0   1.5   1.3   121.5   486.0  2550.0  2500.0
LAC_S2_IN_LS_26    03 1 09 03 03 03 01 -1000.0   1.5   1.3   121.5   486.0  2550.0  2500.0
LAC_S2_IN_LS_27    03 1 09 03 03 03 02 -1000.0   1.5   1.3   121.5   486.0  2550.0  2500.0
LAC_S2_IN_LS_28    03 1 09 03 03 03 03 -1000.0   1.5   1.3   121.5   486.0  2550.0  2500.0
LAC_S2_IN_LS_29    03 1 09 03 03 03 04 -1000.0   1.5   1.3   121.5   486.0  2550.0  2500.0
LAC_S2_IN_LS_30    03 1 09 03 03 03 05 -1000.0   1.5   1.3   121.5   486.0  2550.0  2500.0
LAC_S2_IN_LS_31    03 1 09 03 03 03 06 -1000.0   1.5   1.3   121.5   486.0  2550.0  2500.0
LAC_S2_IN_LS_32    03 1 09 03 03 03 07 -1000.0   1.5   1.3   121.5   486.0  2550.0  2500.0
LAC_S2_IN_LS_33    03 1 09 03 03 03 08 -1000.0   1.5   1.3   121.5   486.0  2550.0  2500.0
LAC_S2_IN_LS_34    03 1 09 03 03 03 09 -1000.0   1.5   1.3   121.5   486.0  2550.0  2500.0
LAC_S2_IN_LS_35    03 1 09 03 03 03 10 -1000.0   1.5   1.3   121.5   486.0  2550.0  2500.0
LAC_S2_IN_LS_36    03 1 09 03 03 03 11 -1000.0   1.5   1.3   121.5   486.0  2550.0  2500.0
LAC_S2_IN_LS_37    03 1 09 03 03 03 12 -1000.0   1.5   1.3   121.5   486.0  2550.0  2500.0
LAC_S2_IN_LS_38    03 1 09 03 03 03 13 -1000.0   1.5   1.3   121.5   486.0  2550.0  2500.0
LAC_S2_IN_LS_39    03 1 09 03 03 03 14 -1000.0   1.5   1.3   121.5   486.0  2550.0  2500.0
LAC_S2_IN_LS_40    03 1 09 03 03 03 15 -1000.0   1.5   1.3   121.5   486.0  2550.0  2500.0
LAC_S2_IN_RL_01    03 1 09 03 04 03 00 -1000.0   1.5   1.3   121.5   486.0  2550.0  2500.0
LAC_S2_IN_RL_02    03 1 09 03 04 03 01 -1000.0   1.5   1.3   121.5   486.0  2550.0  2500.0
LAC_S2_IN_RL_03    03 1 09 03 04 03 02 -1000.0   1.5   1.3   121.5   486.0  2550.0  2500.0
LAC_S2_IN_RL_04    03 1 09 03 04 03 03 -1000.0   1.5   1.3   121.5   486.0  2550.0  2500.0
LAC_S2_IN_RL_05    03 1 09 03 04 03 04 -1000.0   1.5   1.3   121.5   486.0  2550.0  2500.0
LAC_S2_IN_RL_06    03 1 09 03 04 03 05 -1000.0   1.5   1.3   121.5   486.0  2550.0  2500.0
LAC_S2_IN_RL_07    03 1 09 03 04 03 06 -1000.0   1.5   1.3   121.5   486.0  2550.0  2500.0
LAC_S2_IN_RL_08    03 1 09 03 04 03 07 -1000.0   1.5   1.3   121.5   486.0  2550.0  2500.0
LAC_S2_IN_RL_09    03 1 09 03 04 03 08 -1000.0   1.5   1.3   121.5   486.0  2550.0  2500.0
LAC_S2_IN_RL_10    03 1 09 03 04 03 09 -1000.0   1.5   1.3   121.5   486.0  2550.0  2500.0
LAC_S2_IN_RL_11    03 1 09 03 04 03 10 -1000.0   1.5   1.3   121.5   486.0  2550.0  2500.0
LAC_S2_IN_RL_12    03 1 09 03 04 03 11 -1000.0   1.5   1.3   121.5   486.0  2550.0  2500.0
LAC_S2_IN_RL_13    03 1 09 03 04 03 12 -1000.0   1.5   1.3   121.5   486.0  2550.0  2500.0
LAC_S2_IN_RL_14    03 1 09 03 04 03 13 -1000.0   1.5   1.3   121.5   486.0  2550.0  2500.0
LAC_S2_IN_RL_15    03 1 09 03 04 03 14 -1000.0   1.5   1.3   121.5   486.0  2550.0  2500.0
LAC_S2_IN_RL_16    03 1 09 03 04 03 15 -1000.0   1.5   1.3   121.5   486.0  2550.0  2500.0
LAC_S2_IN_RL_17    03 1 09 03 05 03 00 -1000.0   1.5   1.3   121.5   486.0  2550.0  2500.0
LAC_S2_IN_RL_18    03 1 09 03 05 03 01 -1000.0   1.5   1.3   121.5   486.0  2550.0  2500.0
LAC_S2_IN_RL_19    03 1 09 03 05 03 02 -1000.0   1.5   1.3   121.5   486.0  2550.0  2500.0
LAC_S2_IN_RL_20    03 1 09 03 05 03 03 -1000.0   1.5   1.3   121.5   486.0  2550.0  2500.0
LAC_S2_IN_RL_21    03 1 09 03 05 03 04 -1000.0   1.5   1.3   121.5   486.0  2550.0  2500.0
LAC_S2_IN_RL_22    03 1 09 03 05 03 05 -1000.0   1.5   1.3   121.5   486.0  2550.0  2500.0
LAC_S2_IN_RL_23    03 1 09 03 05 03 06 -1000.0   1.5   1.3   121.5   486.0  2550.0  2500.0
LAC_S2_IN_RL_24    03 1 09 03 05 03 07 -1000.0   1.5   1.3   121.5   486.0  2550.0  2500.0
LAC_S2_IN_RS_01    03 1 09 03 05 03 08 -1000.0   1.5   1.3   121.5   486.0  2550.0  2500.0
LAC_S2_IN_RS_02    03 1 09 03 05 03 09 -1000.0   1.5   1.3   121.5   486.0  2550.0  2500.0
LAC_S2_IN_RS_03    03 1 09 03 05 03 10 -1000.0   1.5   1.3   121.5   486.0  2550.0  2500.0
LAC_S2_IN_RS_04    03 1 09 03 05 03 11 -1000.0   1.5   1.3   121.5   486.0  2550.0  2500.0
LAC_S2_IN_RS_05    03 1 09 03 05 03 12 -1000.0   1.5   1.3   121.5   486.0  2550.0  2500.0
LAC_S2_IN_RS_06    03 1 09 03 05 03 13 -1000.0   1.5   1.3   121.5   486.0  2550.0  2500.0
LAC_S2_IN_RS_07    03 1 09 03 05 03 14 -1000.0   1.5   1.3   121.5   486.0  2550.0  2500.0
LAC_S2_IN_RS_08    03 1 09 03 05 03 15 -1000.0   1.5   1.3   121.5   486.0  2550.0  2500.0
LAC_S2_IN_RS_09    03 1 09 03 06 03 00 -1000.0   1.5   1.3   121.5   486.0  2550.0  2500.0
LAC_S2_IN_RS_10    03 1 09 03 06 03 01 -1000.0   1.5   1.3   121.5   486.0  2550.0  2500.0
LAC_S2_IN_RS_11    03 1 09 03 06 03 02 -1000.0   1.5   1.3   121.5   486.0  2550.0  2500.0
LAC_S2_IN_RS_12    03 1 09 03 06 03 03 -1000.0   1.5   1.3   121.5   486.0  2550.0  2500.0
LAC_S2_IN_RS_13    03 1 09 03 06 03 04 -1000.0   1.5   1.3   121.5   486.0  2550.0  2500.0
LAC_S2_IN_RS_14    03 1 09 03 06 03 05 -1000.0   1.5   1.3   121.5   486.0  2550.0  2500.0
LAC_S2_IN_RS_15    03 1 09 03 06 03 06 -1000.0   1.5   1.3   121.5   486.0  2550.0  2500.0
LAC_S2_IN_RS_16    03 1 09 03 06 03 07 -1000.0   1.5   1.3   121.5   486.0  2550.0  2500.0
LAC_S2_IN_RS_17    03 1 09 03 06 03 08 -1000.0   1.5   1.3   121.5   486.0  2550.0  2500.0
LAC_S2_IN_RS_18    03 1 09 03 06 03 09 -1000.0   1.5   1.3   121.5   486.0  2550.0  2500.0
LAC_S2_IN_RS_19    03 1 09 03 06 03 10 -1000.0   1.5   1.3   121.5   486.0  2550.0  2500.0
LAC_S2_IN_RS_20    03 1 09 03 06 03 11 -1000.0   1.5   1.3   121.5   486.0  2550.0  2500.0
LAC_S2_IN_RS_21    03 1 09 03 06 03 12 -1000.0   1.5   1.3   121.5   486.0  2550.0  2500.0
LAC_S2_IN_RS_22    03 1 09 03 06 03 13 -1000.0   1.5   1.3   121.5   486.0  2550.0  2500.0
LAC_S2_IN_RS_23    03 1 09 03 06 03 14 -1000.0   1.5   1.3   121.5   486.0  2550.0  2500.0
LAC_S2_IN_RS_24    03 1 09 03 06 03 15 -1000.0   1.5   1.3   121.5   486.0  2550.0  2500.0
LAC_S2_IN_RS_25    03 1 09 03 08 03 00 -1000.0   1.5   1.3   121.5   486.0  2550.0  2500.0
LAC_S2_IN_RS_26    03 1 09 03 08 03 01 -1000.0   1.5   1.3   121.5   486.0  2550.0  2500.0
LAC_S2_IN_RS_27    03 1 09 03 08 03 02 -1000.0   1.5   1.3   121.5   486.0  2550.0  2500.0
LAC_S2_IN_RS_28    03 1 09 03 08 03 03 -1000.0   1.5   1.3   121.5   486.0  2550.0  2500.0
LAC_S2_IN_RS_29    03 1 09 03 08 03 04 -1000.0   1.5   1.3   121.5   486.0  2550.0  2500.0
LAC_S2_IN_RS_30    03 1 09 03 08 03 05 -1000.0   1.5   1.3   121.5   486.0  2550.0  2500.0
LAC_S2_IN_RS_31    03 1 09 03 08 03 06 -1000.0   1.5   1.3   121.5   486.0  2550.0  2500.0
LAC_S2_IN_RS_32    03 1 09 03 08 03 07 -1000.0   1.5   1.3   121.5   486.0  2550.0  2500.0
LAC_S2_IN_RS_33    03 1 09 03 08 03 08 -1000.0   1.5   1.3   121.5   486.0  2550.0  2500.0
LAC_S2_IN_RS_34    03 1 09 03 08 03 09 -1000.0   1.5   1.3   121.5   486.0  2550.0  2500.0
LAC_S2_IN_RS_35    03 1 09 03 08 03 10 -1000.0   1.5   1.3   121.5   486.0  2550.0  2500.0
LAC_S2_IN_RS_36    03 1 09 03 08 03 11 -1000.0   1.5   1.3   121.5   486.0  2550.0  2500.0
LAC_S2_IN_RS_37    03 1 09 03 08 03 12 -1000.0   1.5   1.3   121.5   486.0  2550.0  2500.0
LAC_S2_IN_RS_38    03 1 09 03 08 03 13 -1000.0   1.5   1.3   121.5   486.0  2550.0  2500.0
LAC_S2_IN_RS_39    03 1 09 03 08 03 14 -1000.0   1.5   1.3   121.5   486.0  2550.0  2500.0
LAC_S2_IN_RS_40    03 1 09 03 08 03 15 -1000.0   1.5   1.3   121.5   486.0  2550.0  2500.0
LAC_S2_OUT_LL_01   04 1 09 04 00 03 00 -1000.0   1.5   1.3   121.5   486.0  2550.0  2500.0
LAC_S2_OUT_LL_02   04 1 09 04 00 03 01 -1000.0   1.5   1.3   121.5   486.0  2550.0  2500.0
LAC_S2_OUT_LL_03   04 1 09 04 00 03 02 -1000.0   1.5   1.3   121.5   486.0  2550.0  2500.0
LAC_S2_OUT_LL_04   04 1 09 04 00 03 03 -1000.0   1.5   1.3   121.5   486.0  2550.0  2500.0
LAC_S2_OUT_LL_05   04 1 09 04 00 03 04 -1000.0   1.5   1.3   121.5   486.0  2550.0  2500.0
LAC_S2_OUT_LL_06   04 1 09 04 00 03 05 -1000.0   1.5   1.3   121.5   486.0  2550.0  2500.0
LAC_S2_OUT_LL_07   04 1 09 04 00 03 06 -1000.0   1.5   1.3   121.5   486.0  2550.0  2500.0
LAC_S2_OUT_LL_08   04 1 09 04 00 03 07 -1000.0   1.5   1.3   121.5   486.0  2550.0  2500.0
LAC_S2_OUT_LL_09   04 1 09 04 00 03 08 -1000.0   1.5   1.3   121.5   486.0  2550.0  2500.0
LAC_S2_OUT_LL_10   04 1 09 04 00 03 09 -1000.0   1.5   1.3   121.5   486.0  2550.0  2500.0
LAC_S2_OUT_LL_11   04 1 09 04 00 03 10 -1000.0   1.5   1.3   121.5   486.0  2550.0  2500.0
LAC_S2_OUT_LL_12   04 1 09 04 00 03 11 -1000.0   1.5   1.3   121.5   486.0  2550.0  2500.0
LAC_S2_OUT_LL_13   04 1 09 04 00 03 12 -1000.0   1.5   1.3   121.5   486.0  2550.0  2500.0
LAC_S2_OUT_LL_14   04 1 09 04 00 03 13 -1000.0   1.5   1.3   121.5   486.0  2550.0  2500.0
LAC_S2_OUT_LL_15   04 1 09 04 00 03 14 -1000.0   1.5   1.3   121.5   486.0  2550.0  2500.0
LAC_S2_OUT_LL_16   04 1 09 04 00 03 15 -1000.0   1.5   1.3   121.5   486.0  2550.0  2500.0
LAC_S2_OUT_LL_17   04 1 09 04 01 03 00 -1000.0   1.5   1.3   121.5   486.0  2550.0  2500.0
LAC_S2_OUT_LL_18   04 1 09 04 01 03 01 -1000.0   1.5   1.3   121.5   486.0  2550.0  2500.0
LAC_S2_OUT_LL_19   04 1 09 04 01 03 02 -1000.0   1.5   1.3   121.5   486.0  2550.0  2500.0
LAC_S2_OUT_LL_20   04 1 09 04 01 03 03 -1000.0   1.5   1.3   121.5   486.0  2550.0  2500.0
LAC_S2_OUT_LL_21   04 1 09 04 01 03 04 -1000.0   1.5   1.3   121.5   486.0  2550.0  2500.0
LAC_S2_OUT_LL_22   04 1 09 04 01 03 05 -1000.0   1.5   1.3   121.5   486.0  2550.0  2500.0
LAC_S2_OUT_LL_23   04 1 09 04 01 03 06 -1000.0   1.5   1.3   121.5   486.0  2550.0  2500.0
LAC_S2_OUT_LL_24   04 1 09 04 01 03 07 -1000.0   1.5   1.3   121.5   486.0  2550.0  2500.0
LAC_S2_OUT_LS_01   04 1 09 04 01 03 08 -1000.0   1.5   1.3   121.5   486.0  2550.0  2500.0
LAC_S2_OUT_LS_02   04 1 09 04 01 03 09 -1000.0   1.5   1.3   121.5   486.0  2550.0  2500.0
LAC_S2_OUT_LS_03   04 1 09 04 01 03 10 -1000.0   1.5   1.3   121.5   486.0  2550.0  2500.0
LAC_S2_OUT_LS_04   04 1 09 04 01 03 11 -1000.0   1.5   1.3   121.5   486.0  2550.0  2500.0
LAC_S2_OUT_LS_05   04 1 09 04 01 03 12 -1000.0   1.5   1.3   121.5   486.0  2550.0  2500.0
LAC_S2_OUT_LS_06   04 1 09 04 01 03 13 -1000.0   1.5   1.3   121.5   486.0  2550.0  2500.0
LAC_S2_OUT_LS_07   04 1 09 04 01 03 14 -1000.0   1.5   1.3   121.5   486.0  2550.0  2500.0
LAC_S2_OUT_LS_08   04 1 09 04 01 03 15 -1000.0   1.5   1.3   121.5   486.0  2550.0  2500.0
LAC_S2_OUT_LS_09   04 1 09 04 02 03 00 -1000.0   1.5   1.3   121.5   486.0  2550.0  2500.0
LAC_S2_OUT_LS_10   04 1 09 04 02 03 01 -1000.0   1.5   1.3   121.5   486.0  2550.0  2500.0
LAC_S2_OUT_LS_11   04 1 09 04 02 03 02 -1000.0   1.5   1.3   121.5   486.0  2550.0  2500.0
LAC_S2_OUT_LS_12   04 1 09 04 02 03 03 -1000.0   1.5   1.3   121.5   486.0  2550.0  2500.0
LAC_S2_OUT_LS_13   04 1 09 04 02 03 04 -1000.0   1.5   1.3   121.5   486.0  2550.0  2500.0
LAC_S2_OUT_LS_14   04 1 09 04 02 03 05 -1000.0   1.5   1.3   121.5   486.0  2550.0  2500.0
LAC_S2_OUT_LS_15   04 1 09 04 02 03 06 -1000.0   1.5   1.3   121.5   486.0  2550.0  2500.0
LAC_S2_OUT_LS_16   04 1 09 04 02 03 07 -1000.0   1.5   1.3   121.5   486.0  2550.0  2500.0
LAC_S2_OUT_LS_17   04 1 09 04 02 03 08 -1000.0   1.5   1.3   121.5   486.0  2550.0  2500.0
LAC_S2_OUT_LS_18   04 1 09 04 02 03 09 -1000.0   1.5   1.3   121.5   486.0  2550.0  2500.0
LAC_S2_OUT_LS_19   04 1 09 04 02 03 10 -1000.0   1.5   1.3   121.5   486.0  2550.0  2500.0
LAC_S2_OUT_LS_20   04 1 09 04 02 03 11 -1000.0   1.5   1.3   121.5   486.0  2550.0  2500.0
LAC_S2_OUT_LS_21   04 1 09 04 02 03 12 -1000.0   1.5   1.3   121.5   486.0  2550.0  2500.0
LAC_S2_OUT_LS_22   04 1 09 04 02 03 13 -1000.0   1.5   1.3   121.5   486.0  2550.0  2500.0
LAC_S2_OUT_LS_23   04 1 09 04 02 03 14 -1000.0   1.5   1.3   121.5   486.0  2550.0  2500.0
LAC_S2_OUT_LS_24   04 1 09 04 02 03 15 -1000.0   1.5   1.3   121.5   486.0  2550.0  2500.0
LAC_S2_OUT_LS_25   04 1 09 04 03 03 00 -1000.0   1.5   1.3   121.5   486.0  2550.0  2500.0
LAC_S2_OUT_LS_26   04 1 09 04 03 03 01 -1000.0   1.5   1.3   121.5   486.0  2550.0  2500.0
LAC_S2_OUT_LS_27   04 1 09 04 03 03 02 -1000.0   1.5   1.3   121.5   486.0  2550.0  2500.0
LAC_S2_OUT_LS_28   04 1 09 04 03 03 03 -1000.0   1.5   1.3   121.5   486.0  2550.0  2500.0
LAC_S2_OUT_LS_29   04 1 09 04 03 03 04 -1000.0   1.5   1.3   121.5   486.0  2550.0  2500.0
LAC_S2_OUT_LS_30   04 1 09 04 03 03 05 -1000.0   1.5   1.3   121.5   486.0  2550.0  2500.0
LAC_S2_OUT_LS_31   04 1 09 04 03 03 06 -1000.0   1.5   1.3   121.5   486.0  2550.0  2500.0
LAC_S2_OUT_LS_32   04 1 09 04 03 03 07 -1000.0   1.5   1.3   121.5   486.0  2550.0  2500.0
LAC_S2_OUT_LS_33   04 1 09 04 03 03 08 -1000.0   1.5   1.3   121.5   486.0  2550.0  2500.0
LAC_S2_OUT_LS_34   04 1 09 04 03 03 09 -1000.0   1.5   1.3   121.5   486.0  2550.0  2500.0
LAC_S2_OUT_LS_35   04 1 09 04 03 03 10 -1000.0   1.5   1.3   121.5   486.0  2550.0  2500.0
LAC_S2_OUT_LS_36   04 1 09 04 03 03 11 -1000.0   1.5   1.3   121.5   486.0  2550.0  2500.0
LAC_S2_OUT_LS_37   04 1 09 04 03 03 12 -1000.0   1.5   1.3   121.5   486.0  2550.0  2500.0
LAC_S2_OUT_LS_38   04 1 09 04 03 03 13 -1000.0   1.5   1.3   121.5   486.0  2550.0  2500.0
LAC_S2_OUT_LS_39   04 1 09 04 03 03 14 -1000.0   1.5   1.3   121.5   486.0  2550.0  2500.0
LAC_S2_OUT_LS_40   04 1 09 04 03 03 15 -1000.0   1.5   1.3   121.5   486.0  2550.0  2500.0
LAC_S2_OUT_RL_01   04 1 09 04 04 03 00 -1000.0   1.5   1.3   121.5   486.0  2550.0  2500.0
LAC_S2_OUT_RL_02   04 1 09 04 04 03 01 -1000.0   1.5   1.3   121.5   486.0  2550.0  2500.0
LAC_S2_OUT_RL_03   04 1 09 04 04 03 02 -1000.0   1.5   1.3   121.5   486.0  2550.0  2500.0
LAC_S2_OUT_RL_04   04 1 09 04 04 03 03 -1000.0   1.5   1.3   121.5   486.0  2550.0  2500.0
LAC_S2_OUT_RL_05   04 1 09 04 04 03 04 -1000.0   1.5   1.3   121.5   486.0  2550.0  2500.0
LAC_S2_OUT_RL_06   04 1 09 04 04 03 05 -1000.0   1.5   1.3   121.5   486.0  2550.0  2500.0
LAC_S2_OUT_RL_07   04 1 09 04 04 03 06 -1000.0   1.5   1.3   121.5   486.0  2550.0  2500.0
LAC_S2_OUT_RL_08   04 1 09 04 04 03 07 -1000.0   1.5   1.3   121.5   486.0  2550.0  2500.0
LAC_S2_OUT_RL_09   04 1 09 04 04 03 08 -1000.0   1.5   1.3   121.5   486.0  2550.0  2500.0
LAC_S2_OUT_RL_10   04 1 09 04 04 03 09 -1000.0   1.5   1.3   121.5   486.0  2550.0  2500.0
LAC_S2_OUT_RL_11   04 1 09 04 04 03 10 -1000.0   1.5   1.3   121.5   486.0  2550.0  2500.0
LAC_S2_OUT_RL_12   04 1 09 04 04 03 11 -1000.0   1.5   1.3   121.5   486.0  2550.0  2500.0
LAC_S2_OUT_RL_13   04 1 09 04 04 03 12 -1000.0   1.5   1.3   121.5   486.0  2550.0  2500.0
LAC_S2_OUT_RL_14   04 1 09 04 04 03 13 -1000.0   1.5   1.3   121.5   486.0  2550.0  2500.0
LAC_S2_OUT_RL_15   04 1 09 04 04 03 14 -1000.0   1.5   1.3   121.5   486.0  2550.0  2500.0
LAC_S2_OUT_RL_16   04 1 09 04 04 03 15 -1000.0   1.5   1.3   121.5   486.0  2550.0  2500.0
LAC_S2_OUT_RL_17   04 1 09 04 05 03 00 -1000.0   1.5   1.3   121.5   486.0  2550.0  2500.0
LAC_S2_OUT_RL_18   04 1 09 04 05 03 01 -1000.0   1.5   1.3   121.5   486.0  2550.0  2500.0
LAC_S2_OUT_RL_19   04 1 09 04 05 03 02 -1000.0   1.5   1.3   121.5   486.0  2550.0  2500.0
LAC_S2_OUT_RL_20   04 1 09 04 05 03 03 -1000.0   1.5   1.3   121.5   486.0  2550.0  2500.0
LAC_S2_OUT_RL_21   04 1 09 04 05 03 04 -1000.0   1.5   1.3   121.5   486.0  2550.0  2500.0
LAC_S2_OUT_RL_22   04 1 09 04 05 03 05 -1000.0   1.5   1.3   121.5   486.0  2550.0  2500.0
LAC_S2_OUT_RL_23   04 1 09 04 05 03 06 -1000.0   1.5   1.3   121.5   486.0  2550.0  2500.0
LAC_S2_OUT_RL_24   04 1 09 04 05 03 07 -1000.0   1.5   1.3   121.5   486.0  2550.0  2500.0
LAC_S2_OUT_RS_01   04 1 09 04 05 03 08 -1000.0   1.5   1.3   121.5   486.0  2550.0  2500.0
LAC_S2_OUT_RS_02   04 1 09 04 05 03 09 -1000.0   1.5   1.3   121.5   486.0  2550.0  2500.0
LAC_S2_OUT_RS_03   04 1 09 04 05 03 10 -1000.0   1.5   1.3   121.5   486.0  2550.0  2500.0
LAC_S2_OUT_RS_04   04 1 09 04 05 03 11 -1000.0   1.5   1.3   121.5   486.0  2550.0  2500.0
LAC_S2_OUT_RS_05   04 1 09 04 05 03 12 -1000.0   1.5   1.3   121.5   486.0  2550.0  2500.0
LAC_S2_OUT_RS_06   04 1 09 04 05 03 13 -1000.0   1.5   1.3   121.5   486.0  2550.0  2500.0
LAC_S2_OUT_RS_07   04 1 09 04 05 03 14 -1000.0   1.5   1.3   121.5   486.0  2550.0  2500.0
LAC_S2_OUT_RS_08   04 1 09 04 05 03 15 -1000.0   1.5   1.3   121.5   486.0  2550.0  2500.0
LAC_S2_OUT_RS_09   04 1 09 04 06 03 00 -1000.0   1.5   1.3   121.5   486.0  2550.0  2500.0
LAC_S2_OUT_RS_10   04 1 09 04 06 03 01 -1000.0   1.5   1.3   121.5   486.0  2550.0  2500.0
LAC_S2_OUT_RS_11   04 1 09 04 06 03 02 -1000.0   1.5   1.3   121.5   486.0  2550.0  2500.0
LAC_S2_OUT_RS_12   04 1 09 04 06 03 03 -1000.0   1.5   1.3   121.5   486.0  2550.0  2500.0
LAC_S2_OUT_RS_13   04 1 09 04 06 03 04 -1000.0   1.5   1.3   121.5   486.0  2550.0  2500.0
LAC_S2_OUT_RS_14   04 1 09 04 06 03 05 -1000.0   1.5   1.3   121.5   486.0  2550.0  2500.0
LAC_S2_OUT_RS_15   04 1 09 04 06 03 06 -1000.0   1.5   1.3   121.5   486.0  2550.0  2500.0
LAC_S2_OUT_RS_16   04 1 09 04 06 03 07 -1000.0   1.5   1.3   121.5   486.0  2550.0  2500.0
LAC_S2_OUT_RS_17   04 1 09 04 06 03 08 -1000.0   1.5   1.3   121.5   486.0  2550.0  2500.0
LAC_S2_OUT_RS_18   04 1 09 04 06 03 09 -1000.0   1.5   1.3   121.5   486.0  2550.0  2500.0
LAC_S2_OUT_RS_19   04 1 09 04 06 03 10 -1000.0   1.5   1.3   121.5   486.0  2550.0  2500.0
LAC_S2_OUT_RS_20   04 1 09 04 06 03 11 -1000.0   1.5   1.3   121.5   486.0  2550.0  2500.0
LAC_S2_OUT_RS_21   04 1 09 04 06 03 12 -1000.0   1.5   1.3   121.5   486.0  2550.0  2500.0
LAC_S2_OUT_RS_22   04 1 09 04 06 03 13 -1000.0   1.5   1.3   121.5   486.0  2550.0  2500.0
LAC_S2_OUT_RS_23   04 1 09 04 06 03 14 -1000.0   1.5   1.3   121.5   486.0  2550.0  2500.0
LAC_S2_OUT_RS_24   04 1 09 04 06 03 15 -1000.0   1.5   1.3   121.5   486.0  2550.0  2500.0
LAC_S2_OUT_RS_25   04 1 09 04 07 03 00 -1000.0   1.5   1.3   121.5   486.0  2550.0  2500.0
LAC_S2_OUT_RS_26   04 1 09 04 07 03 01 -1000.0   1.5   1.3   121.5   486.0  2550.0  2500.0
LAC_S2_OUT_RS_27   04 1 09 04 07 03 02 -1000.0   1.5   1.3   121.5   486.0  2550.0  2500.0
LAC_S2_OUT_RS_28   04 1 09 04 07 03 03 -1000.0   1.5   1.3   121.5   486.0  2550.0  2500.0
LAC_S2_OUT_RS_29   04 1 09 04 07 03 04 -1000.0   1.5   1.3   121.5   486.0  2550.0  2500.0
LAC_S2_OUT_RS_30   04 1 09 04 07 03 05 -1000.0   1.5   1.3   121.5   486.0  2550.0  2500.0
LAC_S2_OUT_RS_31   04 1 09 04 07 03 06 -1000.0   1.5   1.3   121.5   486.0  2550.0  2500.0
LAC_S2_OUT_RS_32   04 1 09 04 07 03 07 -1000.0   1.5   1.3   121.5   486.0  2550.0  2500.0
LAC_S2_OUT_RS_33   04 1 09 04 07 03 08 -1000.0   1.5   1.3   121.5   486.0  2550.0  2500.0
LAC_S2_OUT_RS_34   04 1 09 04 07 03 09 -1000.0   1.5   1.3   121.5   486.0  2550.0  2500.0
LAC_S2_OUT_RS_35   04 1 09 04 07 03 10 -1000.0   1.5   1.3   121.5   486.0  2550.0  2500.0
LAC_S2_OUT_RS_36   04 1 09 04 07 03 11 -1000.0   1.5   1.3   121.5   486.0  2550.0  2500.0
LAC_S2_OUT_RS_37   04 1 09 04 07 03 12 -1000.0   1.5   1.3   121.5   486.0  2550.0  2500.0
LAC_S2_OUT_RS_38   04 1 09 04 07 03 13 -1000.0   1.5   1.3   121.5   486.0  2550.0  2500.0
LAC_S2_OUT_RS_39   04 1 09 04 07 03 14 -1000.0   1.5   1.3   121.5   486.0  2550.0  2500.0
LAC_S2_OUT_RS_40   04 1 09 04 07 03 15 -1000.0   1.5   1.3   121.5   486.0  2550.0  2500.0
