EC_S3_WO13           01 1 08 07 02 02 00 -1756.0   10.0 5.0   487.8   487.8 -2550.0 -2500.0
EC_S3_WO14           01 1 08 07 02 02 01 -1735.0   10.0 5.0   487.4   487.4 -2550.0 -2500.0
EC_S3_WO15           01 1 08 07 02 02 02 -1805.0   10.0 5.0   484.0   484.0 -2550.0 -2500.0
EC_S3_WO16           01 1 08 07 02 02 03 -1751.0   10.0 5.0   485.8   485.8 -2550.0 -2500.0
EC_S3_WO17           01 1 08 07 02 02 04 -1732.0   10.0 5.0   489.3   489.3 -2550.0 -2500.0
EC_S3_WO18           01 1 08 07 02 02 05 -1769.0   10.0 5.0   485.7   485.7 -2550.0 -2500.0
EC_S3_WO19           01 1 08 07 02 02 06 -1713.0   10.0 5.0   487.3   487.3 -2550.0 -2500.0
EC_S3_WO20           01 1 08 07 02 02 07 -1727.0   10.0 5.0   486.6   486.6 -2550.0 -2500.0
EC_S3_WO21           01 1 08 07 02 02 08 -1805.0   10.0 5.0   484.8   484.8 -2550.0 -2500.0
EC_S3_WO22           01 1 08 07 02 02 09 -1708.0   10.0 5.0   486.6   486.6 -2550.0 -2500.0
EC_S3_WO23           01 1 08 07 02 02 10 -1656.0   10.0 5.0   487.8   487.8 -2550.0 -2500.0
EC_S3_WO24           01 1 08 07 02 02 11 -1667.0   10.0 5.0   484.3   484.3 -2550.0 -2500.0
EC_S3_WO25           01 1 08 07 03 02 00 -1705.0   10.0 5.0   487.4   487.4 -2550.0 -2500.0
EC_S3_WO26           01 1 08 07 03 02 01 -1691.0   10.0 5.0   489.1   489.1 -2550.0 -2500.0
EC_S3_WO27           01 1 08 07 03 02 02 -1673.0   10.0 5.0   490.1   490.1 -2550.0 -2500.0
EC_S3_WO28           01 1 08 07 03 02 03 -1778.0   10.0 5.0   487.9   487.9 -2550.0 -2500.0
EC_S3_WO29           01 1 08 07 03 02 04 -1636.0   10.0 5.0   489.4   489.4 -2550.0 -2500.0
EC_S3_WO30           01 1 08 07 03 02 05 -1701.0   10.0 5.0   487.4   487.4 -2550.0 -2500.0
EC_S3_WO31           01 1 08 07 03 02 06 -1685.0   10.0 5.0   486.1   486.1 -2550.0 -2500.0
EC_S3_WO32           01 1 08 07 03 02 07 -1687.0   10.0 5.0   485.3   485.3 -2550.0 -2500.0
EC_S3_WO33           01 1 08 07 03 02 08 -1714.0   10.0 5.0   487.9   487.9 -2550.0 -2500.0
EC_S3_WO34           01 1 08 07 03 02 09 -1647.0   10.0 5.0   487.6   487.6 -2550.0 -2500.0
EC_S3_WO35           01 1 08 07 03 02 10 -1621.0   10.0 5.0   493.6   493.6 -2550.0 -2500.0
EC_S3_WO36           01 1 08 07 03 02 11 -1774.0   10.0 5.0   487.4   487.4 -2550.0 -2500.0
EC_S4_WO13           02 1 08 07 04 02 00 -1503.0   10.0 5.0   489.0   489.0 -2550.0 -2500.0
EC_S4_WO14           02 1 08 07 04 02 01 -1560.0   10.0 5.0   484.5    60.5 -2550.0 -2500.0
EC_S4_WO15           02 1 08 07 04 02 02 -1474.0   10.0 5.0   485.6   485.6 -2550.0 -2500.0
EC_S4_WO16           02 1 08 07 04 02 03 -1611.0   10.0 5.0   486.7   486.7 -2550.0 -2500.0
EC_S4_WO17           02 1 08 07 04 02 04 -1502.0   10.0 5.0   486.0   486.0 -2550.0 -2500.0
EC_S4_WO18           02 1 08 07 04 02 05 -1514.0   10.0 5.0   487.6   487.6 -2550.0 -2500.0
EC_S4_WO19           02 1 08 07 04 02 06 -1639.0   10.0 5.0   489.0   489.0 -2550.0 -2500.0
EC_S4_WO20           02 1 08 07 04 02 07 -1668.0   10.0 5.0   488.7   488.7 -2550.0 -2500.0
EC_S4_WO21           02 1 08 07 04 02 08 -1481.0   10.0 5.0   484.1   484.1 -2550.0 -2500.0
EC_S4_WO22           02 1 08 07 04 02 09 -1587.0   10.0 5.0   481.6   481.6 -2550.0 -2500.0
EC_S4_WO23           02 1 08 07 04 02 10 -1604.0   10.0 5.0   485.5   485.5 -2550.0 -2500.0
EC_S4_WO24           02 1 08 07 04 02 11 -1680.0   10.0 5.0   482.5   482.5 -2550.0 -2500.0
EC_S4_WO25           02 1 08 07 05 02 00 -1527.0   10.0 5.0   485.3   485.3 -2550.0 -2500.0
EC_S4_WO26           02 1 08 07 05 02 01 -1709.0   10.0 5.0   488.0   488.0 -2550.0 -2500.0
EC_S4_WO27           02 1 08 07 05 02 02 -1575.0   10.0 5.0   484.3   484.3 -2550.0 -2500.0
EC_S4_WO28           02 1 08 07 05 02 03 -1626.0   10.0 5.0   484.0   484.0 -2550.0 -2500.0
EC_S4_WO29           02 1 08 07 05 02 04 -1509.0   10.0 5.0   492.1   492.1 -2550.0 -2500.0
EC_S4_WO30           02 1 08 07 05 02 05 -1530.0   10.0 5.0   486.8   486.8 -2550.0 -2500.0
EC_S4_WO31           02 1 08 07 05 02 06 -1642.0   10.0 5.0   484.6   484.6 -2550.0 -2500.0
EC_S4_WO32           02 1 08 07 05 02 07 -1683.0   10.0 5.0   485.8   485.8 -2550.0 -2500.0
EC_S4_WO33           02 1 08 07 05 02 08 -1798.0   10.0 5.0   487.9   487.9 -2550.0 -2500.0
EC_S4_WO34           02 1 08 07 05 02 09 -1570.0   10.0 5.0   482.8   482.8 -2550.0 -2500.0
EC_S4_WO35           02 1 08 07 05 02 10 -1803.0   10.0 5.0   485.5   485.5 -2550.0 -2500.0
EC_S4_WO36           02 1 08 07 05 02 11 -1451.0   10.0 5.0   482.5   482.5 -2550.0 -2500.0
EC_S5_WO13           06 1 08 07 00 02 00 -2372.0   10.0 5.0   484.9   484.9 -2550.0 -2500.0
EC_S5_WO14           06 1 08 07 00 02 01 -2396.0   10.0 5.0   483.8   483.8 -2550.0 -2500.0
EC_S5_WO15           06 1 08 07 00 02 02 -2559.0   10.0 5.0   487.3   487.3 -2550.0 -2500.0
EC_S5_WO16           06 1 08 07 00 02 03 -2554.0   10.0 5.0   485.0   485.0 -2550.0 -2500.0
EC_S5_WO17           06 1 08 07 00 02 04 -2471.0   10.0 5.0   483.6   483.6 -2550.0 -2500.0
EC_S5_WO18           06 1 08 07 00 02 05 -2537.0   10.0 5.0   488.0   488.0 -2550.0 -2500.0
EC_S5_WO19           06 1 08 07 00 02 06 -2313.0   10.0 5.0   484.8   484.8 -2550.0 -2500.0
EC_S5_WO20           06 1 08 07 00 02 07 -2435.0   10.0 5.0   485.5   485.5 -2550.0 -2500.0
EC_S5_WO21           06 1 08 07 00 02 08 -2316.0   10.0 5.0   487.7   487.7 -2550.0 -2500.0
EC_S5_WO22           06 1 08 07 00 02 09 -2541.0   10.0 5.0   487.0   487.0 -2550.0 -2500.0
EC_S5_WO23           06 1 08 07 00 02 10 -2354.0   10.0 5.0   490.0   490.0 -2550.0 -2500.0
EC_S5_WO24           06 1 08 07 00 02 11 -2221.0   10.0 5.0   487.4   487.4 -2550.0 -2500.0
EC_S5_WO25           06 1 08 07 01 02 00 -2336.0   10.0 5.0   504.6   490.6 -2550.0 -2500.0
EC_S5_WO26           06 1 08 07 01 02 01 -2256.0   10.0 5.0   503.8   489.8 -2550.0 -2500.0
EC_S5_WO27           06 1 08 07 01 02 02 -2215.0   10.0 5.0   504.2   490.2 -2550.0 -2500.0
EC_S5_WO28           06 1 08 07 01 02 03 -2601.0   10.0 5.0   504.9   490.9 -2550.0 -2500.0
EC_S5_WO29           06 1 08 07 01 02 04 -2631.0   10.0 5.0   503.6   489.7 -2550.0 -2500.0
EC_S5_WO30           06 1 08 07 01 02 05 -2305.0   10.0 5.0   502.6   502.6 -2550.0 -2500.0
EC_S5_WO31           06 1 08 07 01 02 06 -2283.0   10.0 5.0   505.5   491.5 -2550.0 -2500.0
EC_S5_WO32           06 1 08 07 01 02 07 -2141.0   10.0 5.0   503.3   489.3 -2550.0 -2500.0
EC_S5_WO33           06 1 08 07 01 02 08 -2676.0   10.0 5.0   504.3   490.3 -2550.0 -2500.0
EC_S5_WO34           06 1 08 07 01 02 09 -2480.0   10.0 5.0   503.4   489.4 -2550.0 -2500.0
EC_S5_WO35           06 1 08 07 01 02 10 -2409.0   10.0 5.0   502.2   488.3 -2550.0 -2500.0
EC_S5_WO36           06 1 08 07 01 02 11 -2480.0   10.0 5.0   504.5   490.5 -2550.0 -2500.0
CC_S3_01_L           03 1 08 07 07 02 00  1718.1   10.0 5.0    55.9   489.3  2550.0 -2500.0
CC_S3_02_L           03 1 08 07 07 02 01  1746.9   10.0 5.0    55.8   488.5  2550.0 -2500.0
CC_S3_03_L           03 1 08 07 07 02 02  1672.0   10.0 5.0    56.1   504.8  2550.0 -2500.0
CC_S3_04_L           03 1 08 07 07 02 03  1955.7   10.0 5.0    55.9   489.3  2550.0 -2500.0
CC_S3_05_L           03 1 08 07 07 02 04  1629.4   10.0 5.0    55.7   487.8  2550.0 -2500.0
CC_S3_06_L           03 1 08 07 07 02 05  1488.3   10.0 5.0    55.9   489.0  2550.0 -2500.0
CC_S3_07_L           03 1 08 07 07 02 06  1435.2   10.0 5.0    56.1   490.8  2550.0 -2500.0
CC_S3_08_L           03 1 08 07 07 02 07  1610.7   10.0 5.0    55.8   488.6  2550.0 -2500.0
CC_S3_09_L           03 1 08 07 07 02 08  1912.3   10.0 5.0    55.9   489.0  2550.0 -2500.0
CC_S3_10_L           03 1 08 07 07 02 09  1617.7   10.0 5.0    55.8   502.1  2550.0 -2500.0
CC_S3_11_L           03 1 08 07 07 02 10  1415.8   10.0 5.0    55.8   502.2  2550.0 -2500.0
CC_S3_12_L           03 1 08 07 07 02 11  1430.4   10.0 5.0    55.7   501.0  2550.0 -2500.0
CC_S3_13_L           03 1 08 07 08 02 00  1654.9   10.0 5.0    56.1   490.7  2550.0 -2500.0
CC_S3_14_L           03 1 08 07 08 02 01  1887.1   10.0 5.0    55.8   488.6  2550.0 -2500.0
CC_S3_15_L           03 1 08 07 08 02 02  1925.8   10.0 5.0    55.8   488.6  2550.0 -2500.0
CC_S3_16_L           03 1 08 07 08 02 03  1768.5   10.0 5.0    55.9   489.4  2550.0 -2500.0
CC_S3_17_L           03 1 08 07 08 02 04  1500.0   10.0 5.0    55.9   489.3  2550.0 -2500.0
CC_S3_18_L           03 1 08 07 08 02 05  2050.0   10.0 5.0    55.9   489.4  2550.0 -2500.0
CC_S3_01_R           03 1 08 07 08 02 06  1797.6   10.0 5.0    55.9   489.1  2550.0 -2500.0
CC_S3_02_R           03 1 08 07 08 02 07  1342.9   10.0 5.0    55.9   489.0  2550.0 -2500.0
CC_S3_03_R           03 1 08 07 08 02 08  1499.4   10.0 5.0    56.1   491.1  2550.0 -2500.0
CC_S3_04_R           03 1 08 07 08 02 09  1327.8   10.0 5.0    56.0   490.0  2550.0 -2500.0
CC_S3_05_R           03 1 08 07 08 02 10  1487.9   10.0 5.0    56.1   490.5  2550.0 -2500.0
CC_S3_06_R           03 1 08 07 08 02 11  1633.1   10.0 5.0    56.0   490.2  2550.0 -2500.0
CC_S3_07_R           03 1 08 07 09 02 00  1617.6   10.0 5.0    56.0   490.0  2550.0 -2500.0
CC_S3_08_R           03 1 08 07 09 02 01  1845.9   10.0 5.0    56.4   493.4  2550.0 -2500.0
CC_S3_09_R           03 1 08 07 09 02 02  1579.3   10.0 5.0    56.1   490.6  2550.0 -2500.0
CC_S3_10_R           03 1 08 07 09 02 03  1548.7   10.0 5.0    55.9   489.4  2550.0 -2500.0
CC_S3_11_R           03 1 08 07 09 02 04  1833.2   10.0 5.0    56.0   490.1  2550.0 -2500.0
CC_S3_12_R           03 1 08 07 09 02 05  1373.6   10.0 5.0    55.6   500.8  2550.0 -2500.0
CC_S3_13_R           03 1 08 07 09 02 06  1782.6   10.0 5.0    56.0   489.6  2550.0 -2500.0
CC_S3_14_R           03 1 08 07 09 02 07  1792.3   10.0 5.0    55.9   489.4  2550.0 -2500.0
CC_S3_15_R           03 1 08 07 09 02 08  1919.9   10.0 5.0    56.2   491.9  2550.0 -2500.0
CC_S3_16_R           03 1 08 07 09 02 09  1437.3   10.0 5.0    56.0   490.3  2550.0 -2500.0
CC_S3_17_R           03 1 08 07 09 02 10  1810.0   10.0 5.0    56.0   489.8  2550.0 -2500.0
CC_S3_18_R           03 1 08 07 09 02 11  1650.0   10.0 5.0    56.0   489.9  2550.0 -2500.0
CC_S4_01_L           04 1 08 07 10 02 00  1717.8   10.0 5.0    56.1   505.1  2550.0 -2500.0
CC_S4_02_L           04 1 08 07 10 02 01  1645.4   10.0 5.0    55.8   502.4  2550.0 -2500.0
CC_S4_03_L           04 1 08 07 10 02 02  1676.7   10.0 5.0    56.4   493.3  2550.0 -2500.0
CC_S4_04_L           04 1 08 07 10 02 03  1628.1   10.0 5.0    55.9   488.7  2550.0 -2500.0
CC_S4_05_L           04 1 08 07 10 02 04  1539.3   10.0 5.0    55.9   489.1  2550.0 -2500.0
CC_S4_06_L           04 1 08 07 10 02 05  1628.8   10.0 5.0    55.8   488.5  2550.0 -2500.0
CC_S4_07_L           04 1 08 07 10 02 06  1716.6   10.0 5.0    55.9   489.1  2550.0 -2500.0
CC_S4_08_L           04 1 08 07 10 02 07  1595.5   10.0 5.0    56.2   491.5  2550.0 -2500.0
CC_S4_09_L           04 1 08 07 10 02 08  1418.8   10.0 5.0    56.1   491.2  2550.0 -2500.0
CC_S4_10_L           04 1 08 07 10 02 09  1366.5   10.0 5.0    55.8   488.2  2550.0 -2500.0
CC_S4_11_L           04 1 08 07 10 02 10  1612.1   10.0 5.0    55.8   488.4  2550.0 -2500.0
CC_S4_12_L           04 1 08 07 10 02 11  1433.5   10.0 5.0    56.0   489.8  2550.0 -2500.0
CC_S4_13_L           04 1 08 07 11 02 00  1579.0   10.0 5.0    56.0   490.1  2550.0 -2500.0
CC_S4_14_L           04 1 08 07 11 02 01  1752.8   10.0 5.0    55.9   489.3  2550.0 -2500.0
CC_S4_15_L           04 1 08 07 11 02 02  1814.0   10.0 5.0    56.0   490.2  2550.0 -2500.0
CC_S4_16_L           04 1 08 07 11 02 03  1579.2   10.0 5.0    56.0   490.1  2550.0 -2500.0
CC_S4_17_L           04 1 08 07 11 02 04  1824.2   10.0 5.0    56.0   489.8  2550.0 -2500.0
CC_S4_18_L           04 1 08 07 11 02 05  1541.8   10.0 5.0    56.0   489.9  2550.0 -2500.0
CC_S4_01_R           04 1 08 07 11 02 06  1793.5   10.0 5.0    55.8   488.6  2550.0 -2500.0
CC_S4_02_R           04 1 08 07 11 02 07  1661.7   10.0 5.0    56.0   490.0  2550.0 -2500.0
CC_S4_03_R           04 1 08 07 11 02 08  1771.2   10.0 5.0    55.9   489.3  2550.0 -2500.0
CC_S4_04_R           04 1 08 07 11 02 09  1731.3   10.0 5.0    56.0   489.7  2550.0 -2500.0
CC_S4_05_R           04 1 08 07 11 02 10  1564.6   10.0 5.0    56.2   491.4  2550.0 -2500.0
CC_S4_06_R           04 1 08 07 11 02 11  1554.6   10.0 5.0    56.1   491.0  2550.0 -2500.0
CC_S4_07_R           04 1 08 07 12 02 00  1783.6   10.0 5.0    56.0   490.3  2550.0 -2500.0
CC_S4_08_R           04 1 08 07 12 02 01  1717.1   10.0 5.0    55.9   489.5  2550.0 -2500.0
CC_S4_09_R           04 1 08 07 12 02 02  1521.2   10.0 5.0    55.9   488.7  2550.0 -2500.0
CC_S4_10_R           04 1 08 07 12 02 03  1655.9   10.0 5.0    56.0   490.2  2550.0 -2500.0
CC_S4_11_R           04 1 08 07 12 02 04  1605.3   10.0 5.0    56.3   492.4  2550.0 -2500.0
CC_S4_12_R           04 1 08 07 12 02 05  1511.7   10.0 5.0    56.1   491.3  2550.0 -2500.0
CC_S4_13_R           04 1 08 07 12 02 06  1836.5   10.0 5.0    56.0   490.3  2550.0 -2500.0
CC_S4_14_R           04 1 08 07 12 02 07  1936.9   10.0 5.0    56.2   491.6  2550.0 -2500.0
CC_S4_15_R           04 1 08 07 12 02 08  1746.2   10.0 5.0    55.8   488.5  2550.0 -2500.0
CC_S4_16_R           04 1 08 07 12 02 09  1675.8   10.0 5.0    55.9   488.8  2550.0 -2500.0
CC_S4_17_R           04 1 08 07 12 02 10  1679.4   10.0 5.0    55.8   488.5  2550.0 -2500.0
CC_S4_18_R           04 1 08 07 12 02 11  1764.7   10.0 5.0    55.9   488.7  2550.0 -2500.0
CC_S5_01_L           05 1 08 07 13 02 00  1582.0   10.0 5.0    60.6   485.3  2550.0 -2500.0
CC_S5_02_L           05 1 08 07 13 02 01  1653.0   10.0 5.0    60.3   482.8  2550.0 -2500.0
CC_S5_03_L           05 1 08 07 13 02 02  1480.3   10.0 5.0    60.5   484.0  2550.0 -2500.0
CC_S5_04_L           05 1 08 07 13 02 03  1558.6   10.0 5.0    60.9   487.6  2550.0 -2500.0
CC_S5_05_L           05 1 08 07 13 02 04  1558.9   10.0 5.0    60.5   484.2  2550.0 -2500.0
CC_S5_06_L           05 1 08 07 13 02 05  1839.1   10.0 5.0    60.3   483.1  2550.0 -2500.0
CC_S5_07_L           05 1 08 07 13 02 06  1502.9   10.0 5.0    60.7   486.3  2550.0 -2500.0
CC_S5_08_L           05 1 08 07 13 02 07  1398.3   10.0 5.0    60.9   487.4  2550.0 -2500.0
CC_S5_09_L           05 1 08 07 13 02 08  1468.8   10.0 5.0    60.8   486.8  2550.0 -2500.0
CC_S5_10_L           05 1 08 07 13 02 09  1532.9   10.0 5.0    61.0   488.6  2550.0 -2500.0
CC_S5_11_L           05 1 08 07 13 02 10  1407.3   10.0 5.0    60.5   484.7  2550.0 -2500.0
CC_S5_12_L           05 1 08 07 13 02 11  1460.2   10.0 5.0    60.8   486.8  2550.0 -2500.0
CC_S5_13_L           05 1 08 07 14 02 00  1662.1   10.0 5.0    56.1   491.3  2550.0 -2500.0
CC_S5_14_L           05 1 08 07 14 02 01  1585.8   10.0 5.0    56.2   492.1  2550.0 -2500.0
CC_S5_15_L           05 1 08 07 14 02 02  1771.2   10.0 5.0    55.9   489.1  2550.0 -2500.0
CC_S5_16_L           05 1 08 07 14 02 03  1554.4   10.0 5.0    56.1   491.1  2550.0 -2500.0
CC_S5_17_L           05 1 08 07 14 02 04  1711.0   10.0 5.0    55.8   487.8  2550.0 -2500.0
CC_S5_18_L           05 1 08 07 14 02 05  1548.0   10.0 5.0    56.1   491.0  2550.0 -2500.0
CC_S5_01_R           05 1 08 07 14 02 06  1608.5   10.0 5.0    56.3   492.8  2550.0 -2500.0
CC_S5_02_R           05 1 08 07 14 02 07  1518.3   10.0 5.0    55.9   489.2  2550.0 -2500.0
CC_S5_03_R           05 1 08 07 14 02 08  1718.5   10.0 5.0    56.0   490.0  2550.0 -2500.0
CC_S5_04_R           05 1 08 07 14 02 09  1566.8   10.0 5.0    56.1   490.8  2550.0 -2500.0
CC_S5_05_R           05 1 08 07 14 02 10  1598.3   10.0 5.0    56.0   489.9  2550.0 -2500.0
CC_S5_06_R           05 1 08 07 14 02 11  1968.8   10.0 5.0    55.9   489.5  2550.0 -2500.0
CC_S5_07_R           05 1 08 07 15 02 00  1974.9   10.0 5.0    56.2   491.6  2550.0 -2500.0
CC_S5_08_R           05 1 08 07 15 02 01  2062.6   10.0 5.0    55.8   488.1  2550.0 -2500.0
CC_S5_09_R           05 1 08 07 15 02 02  1579.9   10.0 5.0    56.0   489.6  2550.0 -2500.0
CC_S5_10_R           05 1 08 07 15 02 03  1703.9   10.0 5.0    56.1   491.0  2550.0 -2500.0
CC_S5_11_R           05 1 08 07 15 02 04  1756.8   10.0 5.0    55.8   488.6  2550.0 -2500.0
CC_S5_12_R           05 1 08 07 15 02 05  1654.8   10.0 5.0    55.9   489.4  2550.0 -2500.0
CC_S5_13_R           05 1 08 07 15 02 06  1574.8   10.0 5.0    56.2   491.5  2550.0 -2500.0
CC_S5_14_R           05 1 08 07 15 02 07  1558.2   10.0 5.0    56.1   490.6  2550.0 -2500.0
CC_S5_15_R           05 1 08 07 15 02 08  1546.8   10.0 5.0    55.8   488.1  2550.0 -2500.0
CC_S5_16_R           05 1 08 07 15 02 09  1577.2   10.0 5.0    56.2   491.8  2550.0 -2500.0
CC_S5_17_R           05 1 08 07 15 02 10  1644.7   10.0 5.0    56.2   491.9  2550.0 -2500.0
CC_S5_18_R           05 1 08 07 15 02 11  1774.1   10.0 5.0    55.9   489.1  2550.0 -2500.0
