gp_1_V               01 1 12 01 01 02 04  -700.0   1.5   1.3    60.9    60.9 -2550.0 -2500.0
gp_2_V               01 1 12 01 01 02 05  -700.0   1.5   1.3    60.4    60.4 -2550.0 -2500.0
gp_3_V               01 1 12 01 01 02 06  -700.0   1.5   1.3    60.8   486.9 -2550.0 -2500.0
gp_4_V               01 1 12 01 01 02 07  -700.0   1.5   1.3    60.4   483.6 -2550.0 -2500.0
gp_1_H               01 1 12 01 00 02 06  -700.0   1.5   1.3    61.7    61.7 -2550.0 -2500.0
gp_2_H               01 1 12 01 00 02 05  -700.0   1.5   1.3    60.1    60.1 -2550.0 -2500.0
gp_3_H               01 1 12 01 01 02 08  -700.0   1.5   1.3    60.1    60.1 -2550.0 -2500.0
gp_4_H               01 1 12 01 01 02 09  -700.0   1.5   1.3    61.5    61.5 -2550.0 -2500.0
PBPM_X1              02 1 12 01 11 02 00  -765.0   1.5   1.3    61.7    61.7 -2550.0 -2500.0
PBPM_X2              02 1 12 01 11 02 01  -760.0   1.5   1.3    61.7    61.7 -2550.0 -2500.0
PBPM_X3              02 1 12 01 11 02 02  -760.0   1.5   1.3    61.7    61.7 -2550.0 -2500.0
PBPM_X4              02 1 12 01 11 02 03  -765.0   1.5   1.3    61.7    61.7 -2550.0 -2500.0
PBPM_Y1              02 1 12 01 11 02 04  -785.0   1.5   1.3    61.7    61.7 -2550.0 -2500.0
PBPM_Y2              02 1 12 01 11 02 05  -815.0   1.5   1.3    61.7    61.7 -2550.0 -2500.0
PBPM_Y3              02 1 12 01 11 02 06  -830.0   1.5   1.3    61.7    61.7 -2550.0 -2500.0
PBPM_Y4              02 1 12 01 11 02 07  -770.0   1.5   1.3    61.7    61.7 -2550.0 -2500.0
pf_8                 03 1 12 01 10 02 03  -000.0   1.5   1.3    61.5    61.5 -2550.0 -2500.0
pf_9                 03 1 12 01 10 02 04  -000.0   1.5   1.3    61.5    61.5 -2550.0 -2500.0
pf_10                03 1 12 01 10 02 05  -000.0   1.5   1.3    61.5    61.5 -2550.0 -2500.0
pf_11                03 1 12 01 10 02 06  -000.0   1.5   1.3    61.5    61.5 -2550.0 -2500.0
pf_12                03 1 12 01 10 02 07  -000.0   1.5   1.3    61.5    61.5 -2550.0 -2500.0
pf_13                03 1 12 01 10 02 08  -000.0   1.5   1.3    61.5    61.5 -2550.0 -2500.0
pf_14                03 1 12 01 10 02 09  -000.0   1.5   1.3    61.5    61.5 -2550.0 -2500.0
pf_15                03 1 12 01 10 02 10  -000.0   1.5   1.3    61.5    61.5 -2550.0 -2500.0
pf_16                03 1 12 01 10 02 11  -000.0   1.5   1.3    61.5    61.5 -2550.0 -2500.0
pf_17                03 1 12 01 09 02 00  -000.0   1.5   1.3    61.5    61.5 -2550.0 -2500.0
pf_18                03 1 12 01 09 02 01  -000.0   1.5   1.3    61.5    61.5 -2550.0 -2500.0
pf_19                03 1 12 01 09 02 02  -000.0   1.5   1.3    61.5    61.5 -2550.0 -2500.0
pf_20                03 1 12 01 09 02 03  -000.0   1.5   1.3    61.5    61.5 -2550.0 -2500.0
pf_21                03 1 12 01 09 02 04  -000.0   1.5   1.3    61.5    61.5 -2550.0 -2500.0
pf_22                03 1 12 01 09 02 05  -000.0   1.5   1.3    61.5    61.5 -2550.0 -2500.0
pf_23                03 1 12 01 09 02 06  -000.0   1.5   1.3    61.5    61.5 -2550.0 -2500.0
pf_24                03 1 12 01 09 02 07  -000.0   1.5   1.3    61.5    61.5 -2550.0 -2500.0
pf_25                03 1 12 01 09 02 08  -000.0   1.5   1.3    61.5    61.5 -2550.0 -2500.0
pf_26                03 1 12 01 09 02 09  -000.0   1.5   1.3    61.5    61.5 -2550.0 -2500.0
pf_27                03 1 12 01 09 02 10  -000.0   1.5   1.3    61.5    61.5 -2550.0 -2500.0
pf_28                03 1 12 01 09 02 11  -000.0   1.5   1.3    61.5    61.5 -2550.0 -2500.0
pf_29                03 1 12 01 08 02 00  -000.0   1.5   1.3    61.5    61.5 -2550.0 -2500.0
pf_30                03 1 12 01 08 02 01  -000.0   1.5   1.3    61.5    61.5 -2550.0 -2500.0
pf_31                03 1 12 01 08 02 02  -000.0   1.5   1.3    61.5    61.5 -2550.0 -2500.0
pf_32                03 1 12 01 08 02 03  -000.0   1.5   1.3    61.5    61.5 -2550.0 -2500.0
pb_1                 03 1 12 01 03 02 04  -000.0   1.5   1.3    61.5    61.5 -2550.0 -2500.0
pb_2                 03 1 12 01 03 02 05  -000.0   1.5   1.3    61.5    61.5 -2550.0 -2500.0
pb_3                 03 1 12 01 03 02 06  -000.0   1.5   1.3    61.5    61.5 -2550.0 -2500.0
pb_4                 03 1 12 01 03 02 07  -000.0   1.5   1.3    61.5    61.5 -2550.0 -2500.0
pb_5                 03 1 12 01 03 02 08  -000.0   1.5   1.3    61.5    61.5 -2550.0 -2500.0
pb_6                 03 1 12 01 03 02 09  -000.0   1.5   1.3    61.5    61.5 -2550.0 -2500.0
pb_7                 03 1 12 01 03 02 10  -000.0   1.5   1.3    61.5    61.5 -2550.0 -2500.0
pb_8                 03 1 12 01 03 02 11  -000.0   1.5   1.3    61.5    61.5 -2550.0 -2500.0
pb_9                 03 1 12 01 04 02 00  -000.0   1.5   1.3    61.5    61.5 -2550.0 -2500.0
pb_10                03 1 12 01 04 02 01  -000.0   1.5   1.3    61.5    61.5 -2550.0 -2500.0
pb_11                03 1 12 01 04 02 02  -000.0   1.5   1.3    61.5    61.5 -2550.0 -2500.0
pb_12                03 1 12 01 04 02 03  -000.0   1.5   1.3    61.5    61.5 -2550.0 -2500.0
pb_13                03 1 12 01 04 02 04  -000.0   1.5   1.3    61.5    61.5 -2550.0 -2500.0
pb_14                03 1 12 01 04 02 05  -000.0   1.5   1.3    61.5    61.5 -2550.0 -2500.0
pb_15                03 1 12 01 04 02 06  -000.0   1.5   1.3    61.5    61.5 -2550.0 -2500.0
pb_16                03 1 12 01 04 02 07  -000.0   1.5   1.3    61.5    61.5 -2550.0 -2500.0
AC_1                 04 1 12 01 00 02 00  -605.0   1.5   1.3    61.7    61.7 -2550.0 -2500.0
AC_2                 04 1 12 01 00 02 01  -650.0   1.5   1.3    61.7    61.7 -2550.0 -2500.0
AC_3                 04 1 12 01 00 02 02  -640.0   1.5   1.3    61.7    61.7 -2550.0 -2500.0
AC_4                 04 1 12 01 00 02 03  -640.0   1.5   1.3    61.7    61.7 -2550.0 -2500.0
ST_1_1               05 1 12 01 06 02 00    -0.0   1.5   1.3    60.9   487.3 -2550.0 -2500.0
ST_1_2               05 1 12 01 06 02 01    -0.0   1.5   1.3    60.9   487.3 -2550.0 -2500.0
ST_1_3               05 1 12 01 06 02 02    -0.0   1.5   1.3    60.9   487.3 -2550.0 -2500.0
ST_1_4               05 1 12 01 06 02 03    -0.0   1.5   1.3    60.9   487.3 -2550.0 -2500.0
ST_2_1               05 1 12 01 06 02 04    -0.0   1.5   1.3    60.9   487.3 -2550.0 -2500.0
ST_2_2               05 1 12 01 06 02 05    -0.0   1.5   1.3    60.9   487.3 -2550.0 -2500.0
ST_2_3               05 1 12 01 06 02 06    -0.0   1.5   1.3    60.9   487.3 -2550.0 -2500.0
ST_2_4               05 1 12 01 06 02 07    -0.0   1.5   1.3    60.9   487.3 -2550.0 -2500.0
ST_3_1               05 1 12 01 06 02 08    -0.0   1.5   1.3    60.9   487.3 -2550.0 -2500.0
ST_3_2               05 1 12 01 06 02 09    -0.0   1.5   1.3    60.9   487.3 -2550.0 -2500.0
ST_3_3               05 1 12 01 06 02 10    -0.0   1.5   1.3    60.9   487.3 -2550.0 -2500.0
ST_3_4               05 1 12 01 06 02 11    -0.0   1.5   1.3    60.9   487.3 -2550.0 -2500.0
ST_4_1               05 1 12 01 07 02 00    -0.0   1.5   1.3    60.9   487.3 -2550.0 -2500.0
ST_4_2               05 1 12 01 07 02 01    -0.0   1.5   1.3    60.9   487.3 -2550.0 -2500.0
ST_4_3               05 1 12 01 07 02 02    -0.0   1.5   1.3    60.9   487.3 -2550.0 -2500.0
ST_4_4               05 1 12 01 07 02 03    -0.0   1.5   1.3    60.9   487.3 -2550.0 -2500.0
ST_5_1               05 1 12 01 08 02 07    -0.0   1.5   1.3    60.9   487.3 -2550.0 -2500.0
ST_5_2               05 1 12 01 07 02 05    -0.0   1.5   1.3    60.9   487.3 -2550.0 -2500.0
ST_5_3               05 1 12 01 07 02 06    -0.0   1.5   1.3    60.9   487.3 -2550.0 -2500.0
ST_5_4               05 1 12 01 07 02 07    -0.0   1.5   1.3    60.9   487.3 -2550.0 -2500.0
ST_6_1               05 1 12 01 08 02 08    -0.0   1.5   1.3    60.9   487.3 -2550.0 -2500.0
ST_6_2               05 1 12 01 07 02 09    -0.0   1.5   1.3    60.9   487.3 -2550.0 -2500.0
ST_6_3               05 1 12 01 07 02 10    -0.0   1.5   1.3    60.9   487.3 -2550.0 -2500.0
ST_6_4               05 1 12 01 07 02 11    -0.0   1.5   1.3    60.9   487.3 -2550.0 -2500.0
