SC_S5_24_L		 8 1 12  3 15  2  0  -2500.0 3.0 3.0  60.9  60.9 -2550.0 -2500.0
SC_S5_25_L		 8 1 12  3 15  2  1  -2274.3 3.0 3.0  61.0  61.0 -2550.0 -2500.0
SC_S5_26_L		 8 1 12  3 15  2  2  -2287.0 3.0 3.0  60.4  60.4 -2550.0 -2500.0
SC_S5_27_L		 8 1 12  3 15  2  3  -2467.9 3.0 3.0  61.1  61.1 -2550.0 -2500.0
SC_S5_28_L		 8 1 12  3 15  2  4  -1452.0 3.0 3.0  61.3  61.3 -2550.0 -2500.0
SC_S5_29_L		 8 1 12  3 15  2  5  -2500.0 3.0 3.0  60.9  60.9 -2550.0 -2500.0
SC_S5_30_L		 8 1 12  3 15  2  6  -2239.5 3.0 3.0  61.0  61.0 -2550.0 -2500.0
SC_S5_31_L		 8 1 12  3 15  2  7  -2500.0 3.0 3.0  60.9  60.9 -2550.0 -2500.0
SC_S5_32_L		 8 1 12  3 15  2  8  -2300.0 3.0 3.0  61.1  61.1 -2550.0 -2500.0
SC_S5_33_L		 8 1 12  3 15  2  9  -2081.4 3.0 3.0  61.0  61.0 -2550.0 -2500.0
SC_S5_34_L		 8 1 12  3 15  2 10  -2320.6 3.0 3.0  61.0  61.0 -2550.0 -2500.0
SC_S5_35_L		 8 1 12  3 15  2 11  -2189.0 3.0 3.0  61.1  61.1 -2550.0 -2500.0
SC_S5_36_L		 8 1 12  3 14  2  0  -2478.0 3.0 3.0  60.8 486.4 -2550.0 -2500.0
SC_S5_37_L		 8 1 12  3 14  2  1  -1916.2 3.0 3.0  60.6 485.4 -2550.0 -2500.0
SC_S5_38_L		 8 1 12  3 14  2  2  -2194.5 3.0 3.0  60.5 484.4 -2550.0 -2500.0
SC_S5_39_L		 8 1 12  3 14  2  3  -2500.0 3.0 3.0  60.9 487.3 -2550.0 -2500.0
SC_S5_40_L		 8 1 12  3 14  2  4  -1673.4 3.0 3.0  60.9 487.4 -2550.0 -2500.0
SC_S5_41_L		 8 1 12  3 14  2  5  -2500.0 3.0 3.0  61.0 488.6 -2550.0 -2500.0
SC_S5_42_L		 8 1 12  3 14  2  6  -2500.0 3.0 3.0  60.5 484.5 -2550.0 -2500.0
SC_S5_43_L		 8 1 12  3 14  2  7  -2500.0 3.0 3.0  60.7 485.6 -2550.0 -2500.0
SC_S5_44_L		 8 1 12  3 14  2  8  -1700.0 3.0 3.0  60.5 484.2 -2550.0 -2500.0
SC_S5_45_L		 8 1 12  3 14  2  9  -2000.8 3.0 3.0  60.6 484.8 -2550.0 -2500.0
SC_S5_24_R		 8 1 12  3 13  2  0  -2438.9 3.0 3.0  61.1  61.1 -2550.0 -2500.0
SC_S5_25_R		 8 1 12  3 13  2  1  -2378.4 3.0 3.0  61.1  61.1 -2550.0 -2500.0
SC_S5_26_R		 8 1 12  3 13  2  2  -2254.9 3.0 3.0  61.1  61.1 -2550.0 -2500.0
SC_S5_27_R		 8 1 12  3 13  2  3  -1601.8 3.0 3.0  61.1  61.1 -2550.0 -2500.0
SC_S5_28_R		 8 1 12  3 13  2  4  -2500.0 3.0 3.0  61.1  61.1 -2550.0 -2500.0
SC_S5_29_R		 8 1 12  3 13  2  5  -2074.8 3.0 3.0  61.1  61.1 -2550.0 -2500.0
SC_S5_30_R		 8 1 12  3 13  2  6  -2276.9 3.0 3.0  61.1  61.1 -2550.0 -2500.0
SC_S5_31_R		 8 1 12  3 13  2  7  -2266.0 3.0 3.0  61.2  61.2 -2550.0 -2500.0
SC_S5_32_R		 8 1 12  3 13  2  8  -2428.9 3.0 3.0  61.6  61.6 -2550.0 -2500.0
SC_S5_33_R		 8 1 12  3 13  2  9  -2390.2 3.0 3.0  61.0  61.0 -2550.0 -2500.0
SC_S5_34_R		 8 1 12  3 13  2 10  -2338.9 3.0 3.0  61.1  61.1 -2550.0 -2500.0
SC_S5_35_R		 8 1 12  3 13  2 11  -2171.1 3.0 3.0  61.1  61.1 -2550.0 -2500.0
SC_S5_36_R		 8 1 12  3 12  2  0  -2156.5 3.0 3.0  60.2  60.2 -2550.0 -2500.0
SC_S5_37_R		 8 1 12  3 12  2  1  -2399.2 3.0 3.0  60.6  60.6 -2550.0 -2500.0
SC_S5_38_R		 8 1 12  3 12  2  2  -2226.1 3.0 3.0  61.6  61.6 -2550.0 -2500.0
SC_S5_39_R		 8 1 12  3 12  2  3  -2355.5 3.0 3.0  60.8  60.8 -2550.0 -2500.0
SC_S5_40_R		 8 1 12  3 12  2  4  -2468.6 3.0 3.0  61.0  61.0 -2550.0 -2500.0
SC_S5_41_R		 8 1 12  3 12  2  5  -2500.0 3.0 3.0  60.4  60.4 -2550.0 -2500.0
SC_S5_42_R		 8 1 12  3 12  2  6  -2253.3 3.0 3.0  61.5  61.5 -2550.0 -2500.0
SC_S5_43_R		 8 1 12  3 12  2  7  -2500.0 3.0 3.0  61.3  61.3 -2550.0 -2500.0
SC_S5_44_R		 8 1 12  3 12  2  8  -2500.0 3.0 3.0  61.1  61.1 -2550.0 -2500.0
SC_S5_45_R		 8 1 12  3 12  2  9  -1961.6 3.0 3.0  60.8  60.8 -2550.0 -2500.0
SC_S4_24_L		 8 1 12  3 11  2  0  -2463.9 3.0 3.0  60.7 486.1 -2550.0 -2500.0
SC_S4_25_L		 8 1 12  3 11  2  1  -2500.0 3.0 3.0  60.8 487.0 -2550.0 -2500.0
SC_S4_26_L		 8 1 12  3 11  2  2  -2406.1 3.0 3.0  60.7 485.8 -2550.0 -2500.0
SC_S4_27_L		 8 1 12  3 11  2  3  -2500.0 3.0 3.0  60.6 485.4 -2550.0 -2500.0
SC_S4_28_L		 8 1 12  3 11  2  4  -2464.6 3.0 3.0  60.8 486.8 -2550.0 -2500.0
SC_S4_29_L		 8 1 12  3 11  2  5  -2281.7 3.0 3.0  60.8 487.1 -2550.0 -2500.0
SC_S4_30_L		 8 1 12  3 11  2  6  -2402.9 3.0 3.0  61.2 489.8 -2550.0 -2500.0
SC_S4_31_L		 8 1 12  3 11  2  7  -2445.9 3.0 3.0  60.9 487.7 -2550.0 -2500.0
SC_S4_32_L		 8 1 12  3 11  2  8  -2401.6 3.0 3.0  61.4 491.4 -2550.0 -2500.0
SC_S4_33_L		 8 1 12  3 11  2  9  -2500.0 3.0 3.0  60.6 485.0 -2550.0 -2500.0
SC_S4_34_L		 8 1 12  3 11  2 10  -2409.0 3.0 3.0  60.5 484.3 -2550.0 -2500.0
SC_S4_35_L		 8 1 12  3 11  2 11  -2207.4 3.0 3.0  60.5 484.7 -2550.0 -2500.0
SC_S4_36_L		 8 1 12  3 10  2  0  -2469.5 3.0 3.0  61.2 489.8 -2550.0 -2500.0
SC_S4_37_L		 8 1 12  3 10  2  1  -2265.1 3.0 3.0  60.4 483.8 -2550.0 -2500.0
SC_S4_38_L		 8 1 12  3 10  2  2  -2256.0 3.0 3.0  60.9 487.2 -2550.0 -2500.0
SC_S4_39_L		 8 1 12  3 10  2  3  -2500.0 3.0 3.0  60.5 484.0 -2550.0 -2500.0
SC_S4_40_L		 8 1 12  3 10  2  4  -2500.0 3.0 3.0  61.0 488.6 -2550.0 -2500.0
SC_S4_41_L		 8 1 12  3 10  2  5  -2500.0 3.0 3.0  60.3 482.8 -2550.0 -2500.0
SC_S4_42_L		 8 1 12  3 10  2  6  -2500.0 3.0 3.0  60.7 485.8 -2550.0 -2500.0
SC_S4_43_L		 8 1 12  3 10  2  7  -2500.0 3.0 3.0  60.9 487.5 -2550.0 -2500.0
SC_S4_44_L		 8 1 12  3 10  2  8  -2500.0 3.0 3.0  60.8 486.4 -2550.0 -2500.0
SC_S4_45_L		 8 1 12  3 10  2  9  -2500.0 3.0 3.0  60.6 485.5 -2550.0 -2500.0
SC_S4_24_R		 8 1 12  3  9  2  0  -2500.0 3.0 3.0  61.1  61.1 -2550.0 -2500.0
SC_S4_25_R		 8 1 12  3  9  2  1  -2307.7 3.0 3.0  61.1  61.1 -2550.0 -2500.0
SC_S4_26_R		 8 1 12  3  9  2  2  -2413.7 3.0 3.0  61.0  61.0 -2550.0 -2500.0
SC_S4_27_R		 8 1 12  3  9  2  3  -2396.3 3.0 3.0  61.1  61.1 -2550.0 -2500.0
SC_S4_28_R		 8 1 12  3  9  2  4  -2053.9 3.0 3.0  61.1  61.1 -2550.0 -2500.0
SC_S4_29_R		 8 1 12  3  9  2  5  -2432.8 3.0 3.0  61.0  61.0 -2550.0 -2500.0
SC_S4_30_R		 8 1 12  3  9  2  6  -2350.0 3.0 3.0  61.2  61.2 -2550.0 -2500.0
SC_S4_31_R		 8 1 12  3  9  2  7  -2335.3 3.0 3.0  61.1  61.1 -2550.0 -2500.0
SC_S4_32_R		 8 1 12  3  9  2  8  -2500.0 3.0 3.0  61.1  61.1 -2550.0 -2500.0
SC_S4_33_R		 8 1 12  3  9  2  9  -2212.0 3.0 3.0  60.9  60.9 -2550.0 -2500.0
SC_S4_34_R		 8 1 12  3  9  2 10  -2375.6 3.0 3.0  61.1  61.1 -2550.0 -2500.0
SC_S4_35_R		 8 1 12  3  9  2 11  -2500.0 3.0 3.0  60.9  60.9 -2550.0 -2500.0
SC_S4_36_R		 8 1 12  3  8  2  0  -2253.1 3.0 3.0  60.9  60.9 -2550.0 -2500.0
SC_S4_37_R		 8 1 12  3  8  2  1  -2340.4 3.0 3.0  60.8  60.8 -2550.0 -2500.0
SC_S4_38_R		 8 1 12  3  8  2  2  -2409.1 3.0 3.0  61.1  61.1 -2550.0 -2500.0
SC_S4_39_R		 8 1 12  3  8  2  3  -1452.7 3.0 3.0  61.0  61.0 -2550.0 -2500.0
SC_S4_40_R		 8 1 12  3  8  2  4  -2500.0 3.0 3.0  61.2  61.2 -2550.0 -2500.0
SC_S4_41_R		 8 1 12  3  8  2  5  -2500.0 3.0 3.0  61.3  61.3 -2550.0 -2500.0
SC_S4_42_R		 8 1 12  3  8  2  6  -2500.0 3.0 3.0  61.6  61.6 -2550.0 -2500.0
SC_S4_43_R		 8 1 12  3  8  2 10  -2500.0 3.0 3.0  60.6  60.6 -2550.0 -2500.0
SC_S4_44_R		 8 1 12  3  8  2  8  -2442.4 3.0 3.0  60.9  60.9 -2550.0 -2500.0
SC_S4_45_R		 8 1 12  3  8  2  9  -2500.0 3.0 3.0  61.1  61.1 -2550.0 -2500.0
SC_S3_24_L		 8 1 12  3  7  2  0  -1774.2 3.0 3.0  60.8  60.8 -2550.0 -2500.0
SC_S3_25_L		 8 1 12  3  7  2  1  -2244.8 3.0 3.0  61.0  61.0 -2550.0 -2500.0
SC_S3_26_L		 8 1 12  3  7  2  2  -1615.6 3.0 3.0  61.0  61.0 -2550.0 -2500.0
SC_S3_27_L		 8 1 12  3  7  2  3  -2500.0 3.0 3.0  60.5  60.5 -2550.0 -2500.0
SC_S3_28_L		 8 1 12  3  7  2  4  -2445.4 3.0 3.0  60.8  60.8 -2550.0 -2500.0
SC_S3_29_L		 8 1 12  3  7  2  5  -2432.3 3.0 3.0  61.0  61.0 -2550.0 -2500.0
SC_S3_30_L		 8 1 12  3  7  2  6  -1535.8 3.0 3.0  60.7  60.7 -2550.0 -2500.0
SC_S3_31_L		 8 1 12  3  7  2  7  -2500.0 3.0 3.0  61.0  61.0 -2550.0 -2500.0
SC_S3_32_L		 8 1 12  3  7  2  8  -2500.0 3.0 3.0  61.0  61.0 -2550.0 -2500.0
SC_S3_33_L		 8 1 12  3  7  2  9  -1570.7 3.0 3.0  60.6  60.6 -2550.0 -2500.0
SC_S3_34_L		 8 1 12  3  7  2 10  -2374.2 3.0 3.0  60.7  60.7 -2550.0 -2500.0
SC_S3_35_L		 8 1 12  3  7  2 11  -2233.3 3.0 3.0  60.7  60.7 -2550.0 -2500.0
SC_S3_36_L		 8 1 12  3  6  2  0  -2117.4 3.0 3.0  60.3 482.6 -2550.0 -2500.0
SC_S3_37_L		 8 1 12  3  6  2  1  -1743.2 3.0 3.0  60.6 484.8 -2550.0 -2500.0
SC_S3_38_L		 8 1 12  3  6  2  2  -1447.5 3.0 3.0  60.6 485.1 -2550.0 -2500.0
SC_S3_39_L		 8 1 12  3  6  2  3  -2323.0 3.0 3.0  60.6 485.2 -2550.0 -2500.0
SC_S3_40_L		 8 1 12  3  6  2  4  -2500.0 3.0 3.0  61.1 488.9 -2550.0 -2500.0
SC_S3_41_L		 8 1 12  3  6  2  5  -2500.0 3.0 3.0  60.8 487.0 -2550.0 -2500.0
SC_S3_42_L		 8 1 12  3  6  2  6  -2500.0 3.0 3.0  60.9 487.6 -2550.0 -2500.0
SC_S3_43_L		 8 1 12  3  6  2  7  -2500.0 3.0 3.0  60.9 487.5 -2550.0 -2500.0
SC_S3_44_L		 8 1 12  3  6  2  8  -2500.0 3.0 3.0  60.9 487.3 -2550.0 -2500.0
SC_S3_45_L		 8 1 12  3  6  2  9  -2500.0 3.0 3.0  60.7 486.2 -2550.0 -2500.0
SC_S3_24_R		 8 1 12  3  5  2  0  -2500.0 3.0 3.0  61.2 489.7 -2550.0 -2500.0
SC_S3_25_R		 8 1 12  3  5  2  1  -1574.1 3.0 3.0  61.1 489.3 -2550.0 -2500.0
SC_S3_26_R		 8 1 12  3  5  2  2  -2500.0 3.0 3.0  61.1 489.0 -2550.0 -2500.0
SC_S3_27_R		 8 1 12  3  5  2  3  -2377.3 3.0 3.0  61.3 491.0 -2550.0 -2500.0
SC_S3_28_R		 8 1 12  3  5  2  4  -2254.5 3.0 3.0  61.0 488.7 -2550.0 -2500.0
SC_S3_29_R		 8 1 12  3  5  2  5  -2223.7 3.0 3.0  61.3 490.5 -2550.0 -2500.0
SC_S3_30_R		 8 1 12  3  5  2  6  -2003.8 3.0 3.0  61.1 489.0 -2550.0 -2500.0
SC_S3_31_R		 8 1 12  3  5  2  7  -2400.0 3.0 3.0  61.3 490.6 -2550.0 -2500.0
SC_S3_32_R		 8 1 12  3  5  2  8  -2150.0 3.0 3.0  60.8 486.9 -2550.0 -2500.0
SC_S3_33_R		 8 1 12  3  5  2  9  -2192.9 3.0 3.0  61.1 489.0 -2550.0 -2500.0
SC_S3_34_R		 8 1 12  3  5  2 10  -2393.0 3.0 3.0  61.1 489.1 -2550.0 -2500.0
SC_S3_35_R		 8 1 12  3  5  2 11  -2257.5 3.0 3.0  61.1 489.0 -2550.0 -2500.0
SC_S3_36_R		 8 1 12  3  4  2  0  -2219.5 3.0 3.0  61.1  61.1 -2550.0 -2500.0
SC_S3_37_R		 8 1 12  3  4  2  1  -2293.5 3.0 3.0  61.3  61.3 -2550.0 -2500.0
SC_S3_38_R		 8 1 12  3  4  2  2  -2500.0 3.0 3.0  61.4  61.4 -2550.0 -2500.0
SC_S3_39_R		 8 1 12  3  4  2  3  -2120.0 3.0 3.0  60.5  60.5 -2550.0 -2500.0
SC_S3_40_R		 8 1 12  3  4  2  4  -2500.0 3.0 3.0  61.4  61.4 -2550.0 -2500.0
SC_S3_41_R		 8 1 12  3  4  2  5  -2500.0 3.0 3.0  61.3  61.3 -2550.0 -2500.0
SC_S3_42_R		 8 1 12  3  4  2  6  -2500.0 3.0 3.0  61.7  61.7 -2550.0 -2500.0
SC_S3_43_R		 8 1 12  3  4  2  7  -2429.1 3.0 3.0  61.1  61.1 -2550.0 -2500.0
SC_S3_44_R		 8 1 12  3  4  2  8  -2500.0 3.0 3.0  61.3  61.3 -2550.0 -2500.0
SC_S3_45_R		 8 1 12  3  4  2  9  -2500.0 3.0 3.0  61.5  61.5 -2550.0 -2500.0
