SC_S6_24_L		 7 1 12  4 15  2  0  -2500.0 3.0 3.0  60.9  60.9 -2550.0 -2500.0
SC_S6_25_L		 7 1 12  4 15  2  1  -2309.6 3.0 3.0  61.0  61.0 -2550.0 -2500.0
SC_S6_26_L		 7 1 12  4 15  2  2  -2126.6 3.0 3.0  61.0  61.0 -2550.0 -2500.0
SC_S6_27_L		 7 1 12  4 15  2  3  -2187.9 3.0 3.0  60.9  60.9 -2550.0 -2500.0
SC_S6_28_L		 7 1 12  4 15  2  4  -2500.0 3.0 3.0  61.0  61.0 -2550.0 -2500.0
SC_S6_29_L		 7 1 12  4 15  2  5  -2272.5 3.0 3.0  61.0  61.0 -2550.0 -2500.0
SC_S6_30_L		 7 1 12  4 15  2  6  -2500.0 3.0 3.0  60.9  60.9 -2550.0 -2500.0
SC_S6_31_L		 7 1 12  4 15  2  7  -2500.0 3.0 3.0  61.3  61.3 -2550.0 -2500.0
SC_S6_32_L		 7 1 12  4 15  2  8  -2205.2 3.0 3.0  61.5  61.5 -2550.0 -2500.0
SC_S6_33_L		 7 1 12  4 15  2  9  -2393.9 3.0 3.0  60.8  60.8 -2550.0 -2500.0
SC_S6_34_L		 7 1 12  4 15  2 10  -2011.5 3.0 3.0  61.1  61.1 -2550.0 -2500.0
SC_S6_35_L		 7 1 12  4 15  2 11  -2500.0 3.0 3.0  60.9  60.9 -2550.0 -2500.0
SC_S6_36_L		 7 1 12  4 14  2  0  -1478.3 3.0 3.0  61.0  61.0 -2550.0 -2500.0
SC_S6_37_L		 7 1 12  4 14  2  1  -2305.7 3.0 3.0  61.1  61.1 -2550.0 -2500.0
SC_S6_38_L		 7 1 12  4 14  2  2  -2147.6 3.0 3.0  61.0  61.0 -2550.0 -2500.0
SC_S6_39_L		 7 1 12  4 14  2  3  -2331.2 3.0 3.0  61.1  61.1 -2550.0 -2500.0
SC_S6_40_L		 7 1 12  4 14  2  4  -2500.0 3.0 3.0  61.3  61.3 -2550.0 -2500.0
SC_S6_41_L		 7 1 12  4 14  2  5  -2500.0 3.0 3.0  61.6  61.6 -2550.0 -2500.0
SC_S6_42_L		 7 1 12  4 14  2  6  -2500.0 3.0 3.0  60.9  60.9 -2550.0 -2500.0
SC_S6_43_L		 7 1 12  4 14  2  7  -2500.0 3.0 3.0  61.3  61.3 -2550.0 -2500.0
SC_S6_44_L		 7 1 12  4 14  2  8  -2356.8 3.0 3.0  60.7  60.7 -2550.0 -2500.0
SC_S6_45_L		 7 1 12  4 14  2  9  -2500.0 3.0 3.0  61.1  61.1 -2550.0 -2500.0
SC_S6_24_R		 7 1 12  4 13  2  0  -2500.0 3.0 3.0  60.4  60.4 -2550.0 -2500.0
SC_S6_25_R		 7 1 12  4 13  2  1  -2398.5 3.0 3.0  61.1  61.1 -2550.0 -2500.0
SC_S6_26_R		 7 1 12  4 13  2  2  -2366.7 3.0 3.0  61.2  61.2 -2550.0 -2500.0
SC_S6_27_R		 7 1 12  4 13  2  3  -2400.0 3.0 3.0  61.2  61.2 -2550.0 -2500.0
SC_S6_28_R		 7 1 12  4 13  2  4  -2363.2 3.0 3.0  60.6  60.6 -2550.0 -2500.0
SC_S6_29_R		 7 1 12  4 13  2  5  -2093.5 3.0 3.0  61.0  61.0 -2550.0 -2500.0
SC_S6_30_R		 7 1 12  4 13  2  6  -2232.6 3.0 3.0  60.7  60.7 -2550.0 -2500.0
SC_S6_31_R		 7 1 12  4 13  2  7  -1671.2 3.0 3.0  60.9  60.9 -2550.0 -2500.0
SC_S6_32_R		 7 1 12  4 13  2  8  -2377.1 3.0 3.0  60.8  60.8 -2550.0 -2500.0
SC_S6_33_R		 7 1 12  4 13  2  9  -2359.5 3.0 3.0  60.8  60.8 -2550.0 -2500.0
SC_S6_34_R		 7 1 12  4 13  2 10  -2253.5 3.0 3.0  60.9  60.9 -2550.0 -2500.0
SC_S6_35_R		 7 1 12  4 13  2 11  -2133.7 3.0 3.0  60.5  60.5 -2550.0 -2500.0
SC_S6_36_R		 7 1 12  4 12  2  0  -2350.7 3.0 3.0  61.0  61.0 -2550.0 -2500.0
SC_S6_37_R		 7 1 12  4 12  2  1  -2161.7 3.0 3.0  61.3  61.3 -2550.0 -2500.0
SC_S6_38_R		 7 1 12  4 12  2  2  -2043.4 3.0 3.0  60.8  60.8 -2550.0 -2500.0
SC_S6_39_R		 7 1 12  4 12  2  3  -2372.2 3.0 3.0  61.1  61.1 -2550.0 -2500.0
SC_S6_40_R		 7 1 12  4 12  2  4  -1655.0 3.0 3.0  60.7  60.7 -2550.0 -2500.0
SC_S6_41_R		 7 1 12  4 12  2  5  -2500.0 3.0 3.0  60.8  60.8 -2550.0 -2500.0
SC_S6_42_R		 7 1 12  4 12  2  6  -2500.0 3.0 3.0  60.9  60.9 -2550.0 -2500.0
SC_S6_43_R		 7 1 12  4 12  2  7  -2500.0 3.0 3.0  60.7  60.7 -2550.0 -2500.0
SC_S6_44_R		 7 1 12  4 12  2  8  -2500.0 3.0 3.0  60.9  60.9 -2550.0 -2500.0
SC_S6_45_R		 7 1 12  4 12  2  9  -2500.0 3.0 3.0  61.0  61.0 -2550.0 -2500.0
SC_S1_24_L		 7 1 12  4 11  2  0  -2500.0 3.0 3.0  61.4  61.4 -2550.0 -2500.0
SC_S1_25_L		 7 1 12  4 11  2  1  -2500.0 3.0 3.0  61.0  61.0 -2550.0 -2500.0
SC_S1_26_L		 7 1 12  4 11  2  2  -2500.0 3.0 3.0  61.4  61.4 -2550.0 -2500.0
SC_S1_27_L		 7 1 12  4 11  2  3  -2500.0 3.0 3.0  60.9  60.9 -2550.0 -2500.0
SC_S1_28_L		 7 1 12  4 11  2  4  -2428.6 3.0 3.0  61.0  61.0 -2550.0 -2500.0
SC_S1_29_L		 7 1 12  4 11  2  5  -1917.1 3.0 3.0  60.8  60.8 -2550.0 -2500.0
SC_S1_30_L		 7 1 12  4 11  2  6  -2416.4 3.0 3.0  60.8  60.8 -2550.0 -2500.0
SC_S1_31_L		 7 1 12  4 11  2  7  -2343.2 3.0 3.0  61.0  61.0 -2550.0 -2500.0
SC_S1_32_L		 7 1 12  4 11  2  8  -2384.1 3.0 3.0  61.0  61.0 -2550.0 -2500.0
SC_S1_33_L		 7 1 12  4 11  2  9  -2500.0 3.0 3.0  60.5  60.5 -2550.0 -2500.0
SC_S1_34_L		 7 1 12  4 11  2 10  -1954.6 3.0 3.0  61.4  61.4 -2550.0 -2500.0
SC_S1_35_L		 7 1 12  4 11  2 11  -1943.8 3.0 3.0  60.9  60.9 -2550.0 -2500.0
SC_S1_36_L		 7 1 12  4 10  2  0  -2379.1 3.0 3.0  61.1  61.1 -2550.0 -2500.0
SC_S1_37_L		 7 1 12  4 10  2  1  -2189.4 3.0 3.0  61.2  61.2 -2550.0 -2500.0
SC_S1_38_L		 7 1 12  4 10  2  2  -2152.6 3.0 3.0  60.9  60.9 -2550.0 -2500.0
SC_S1_39_L		 7 1 12  4 10  2  3  -2315.0 3.0 3.0  60.8  60.8 -2550.0 -2500.0
SC_S1_40_L		 7 1 12  4 10  2  4  -2500.0 3.0 3.0  60.9  60.9 -2550.0 -2500.0
SC_S1_41_L		 7 1 12  4 10  2  5  -2500.0 3.0 3.0  61.0  61.0 -2550.0 -2500.0
SC_S1_42_L		 7 1 12  4 10  2  6  -2500.0 3.0 3.0  60.7  60.7 -2550.0 -2500.0
SC_S1_43_L		 7 1 12  4 10  2  7  -2500.0 3.0 3.0  61.4  61.4 -2550.0 -2500.0
SC_S1_44_L		 7 1 12  4 10  2  8  -2408.8 3.0 3.0  61.1  61.1 -2550.0 -2500.0
SC_S1_45_L		 7 1 12  4 10  2  9  -2500.0 3.0 3.0  61.1  61.1 -2550.0 -2500.0
SC_S1_24_R		 7 1 12  4  9  2  0  -2500.0 3.0 3.0  61.0  61.0 -2550.0 -2500.0
SC_S1_25_R		 7 1 12  4  9  2  1  -1898.5 3.0 3.0  60.5  60.5 -2550.0 -2500.0
SC_S1_26_R		 7 1 12  4  9  2  2  -2500.0 3.0 3.0  61.0  61.0 -2550.0 -2500.0
SC_S1_27_R		 7 1 12  4  9  2  3  -2436.8 3.0 3.0  61.1  61.1 -2550.0 -2500.0
SC_S1_28_R		 7 1 12  4  9  2  4  -2500.0 3.0 3.0  61.1  61.1 -2550.0 -2500.0
SC_S1_29_R		 7 1 12  4  9  2  5  -2403.4 3.0 3.0  61.1  61.1 -2550.0 -2500.0
SC_S1_30_R		 7 1 12  4  9  2  6  -2377.8 3.0 3.0  61.0  61.0 -2550.0 -2500.0
SC_S1_31_R		 7 1 12  4  9  2  7  -2410.3 3.0 3.0  61.4  61.4 -2550.0 -2500.0
SC_S1_32_R		 7 1 12  4  9  2  8  -2454.0 3.0 3.0  61.0  61.0 -2550.0 -2500.0
SC_S1_33_R		 7 1 12  4  9  2  9  -2310.7 3.0 3.0  60.8  60.8 -2550.0 -2500.0
SC_S1_34_R		 7 1 12  4  9  2 10  -2135.6 3.0 3.0  60.6  60.6 -2550.0 -2500.0
SC_S1_35_R		 7 1 12  4  9  2 11  -2224.6 3.0 3.0  60.7  60.7 -2550.0 -2500.0
SC_S1_36_R		 7 1 12  4  8  2  0  -2283.9 3.0 3.0  60.9  60.9 -2550.0 -2500.0
SC_S1_37_R		 7 1 12  4  8  2  1  -1785.8 3.0 3.0  61.0  61.0 -2550.0 -2500.0
SC_S1_38_R		 7 1 12  4  8  2  2  -2216.5 3.0 3.0  61.5  61.5 -2550.0 -2500.0
SC_S1_39_R		 7 1 12  4  8  2  3  -2000.0 3.0 3.0  61.0  61.0 -2550.0 -2500.0
SC_S1_40_R		 7 1 12  4  8  2  4  -2412.4 3.0 3.0  61.4  61.4 -2550.0 -2500.0
SC_S1_41_R		 7 1 12  4  8  2  5  -2500.0 3.0 3.0  61.1  61.1 -2550.0 -2500.0
SC_S1_42_R		 7 1 12  4  8  2  6  -2220.0 3.0 3.0  61.1  61.1 -2550.0 -2500.0
SC_S1_43_R		 7 1 12  4  8  2  7  -1796.0 3.0 3.0  61.0  61.0 -2550.0 -2500.0
SC_S1_44_R		 7 1 12  4  8  2  8  -2451.1 3.0 3.0  61.0  61.0 -2550.0 -2500.0
SC_S1_45_R		 7 1 12  4  8  2  9  -2500.0 3.0 3.0  60.7  60.7 -2550.0 -2500.0
SC_S2_24_L		 7 1 12  4  7  2  0  -2206.9 3.0 3.0  60.8  60.8 -2550.0 -2500.0
SC_S2_25_L		 7 1 12  4  7  2  1  -2500.0 3.0 3.0  61.1  61.1 -2550.0 -2500.0
SC_S2_26_L		 7 1 12  4  7  2  2  -2500.0 3.0 3.0  61.1  61.1 -2550.0 -2500.0
SC_S2_27_L		 7 1 12  4  7  2  3  -2422.3 3.0 3.0  61.0  61.0 -2550.0 -2500.0
SC_S2_28_L		 7 1 12  4  7  2  4  -2304.0 3.0 3.0  60.9  60.9 -2550.0 -2500.0
SC_S2_29_L		 7 1 12  4  7  2  5  -2393.4 3.0 3.0  61.4  61.4 -2550.0 -2500.0
SC_S2_30_L		 7 1 12  4  7  2  6  -2489.1 3.0 3.0  61.0  61.0 -2550.0 -2500.0
SC_S2_31_L		 7 1 12  4  7  2  7  -2500.0 3.0 3.0  61.3  61.3 -2550.0 -2500.0
SC_S2_32_L		 7 1 12  4  7  2  8  -2500.0 3.0 3.0  61.0  61.0 -2550.0 -2500.0
SC_S2_33_L		 7 1 12  4  7  2  9  -2369.7 3.0 3.0  61.1  61.1 -2550.0 -2500.0
SC_S2_34_L		 7 1 12  4  7  2 10  -2473.7 3.0 3.0  60.9  60.9 -2550.0 -2500.0
SC_S2_35_L		 7 1 12  4  7  2 11  -1954.3 3.0 3.0  60.7  60.7 -2550.0 -2500.0
SC_S2_36_L		 7 1 12  4  6  2  0  -2324.0 3.0 3.0  60.9  60.9 -2550.0 -2500.0
SC_S2_37_L		 7 1 12  4  6  2  1  -2212.3 3.0 3.0  61.0  61.0 -2550.0 -2500.0
SC_S2_38_L		 7 1 12  4  6  2  2  -2329.6 3.0 3.0  60.6  60.6 -2550.0 -2500.0
SC_S2_39_L		 7 1 12  4  6  2  3  -1993.0 3.0 3.0  61.0  61.0 -2550.0 -2500.0
SC_S2_40_L		 7 1 12  4  6  2  4  -2500.0 3.0 3.0  60.7  60.7 -2550.0 -2500.0
SC_S2_41_L		 7 1 12  4  6  2  5  -2500.0 3.0 3.0  60.7  60.7 -2550.0 -2500.0
SC_S2_42_L		 7 1 12  4  6  2  6  -2300.0 3.0 3.0  61.2  61.2 -2550.0 -2500.0
SC_S2_43_L		 7 1 12  4  6  2  7  -2359.2 3.0 3.0  60.6  60.6 -2550.0 -2500.0
SC_S2_44_L		 7 1 12  4  6  2  8  -2500.0 3.0 3.0  60.9  60.9 -2550.0 -2500.0
SC_S2_45_L		 7 1 12  4  6  2  9  -2500.0 3.0 3.0  60.8  60.8 -2550.0 -2500.0
SC_S2_24_R		 7 1 12  4  1  2  0  -2451.5 3.0 3.0  61.1  61.1 -2550.0 -2500.0
SC_S2_25_R		 7 1 12  4  1  2  1  -2500.0 3.0 3.0  60.9  60.9 -2550.0 -2500.0
SC_S2_26_R		 7 1 12  4  1  2  2  -2395.6 3.0 3.0  60.7  60.7 -2550.0 -2500.0
SC_S2_27_R		 7 1 12  4  1  2  3  -2500.0 3.0 3.0  61.1  61.1 -2550.0 -2500.0
SC_S2_28_R		 7 1 12  4  1  2  4  -2200.0 3.0 3.0  60.9  60.9 -2550.0 -2500.0
SC_S2_29_R		 7 1 12  4  1  2  5  -2500.0 3.0 3.0  60.7  60.7 -2550.0 -2500.0
SC_S2_30_R		 7 1 12  4  1  2  6  -2085.9 3.0 3.0  60.7  60.7 -2550.0 -2500.0
SC_S2_31_R		 7 1 12  4  1  2  7  -2500.0 3.0 3.0  61.1  61.1 -2550.0 -2500.0
SC_S2_32_R		 7 1 12  4  1  2  8  -2500.0 3.0 3.0  61.1  61.1 -2550.0 -2500.0
SC_S2_33_R		 7 1 12  4  1  2  9  -2500.0 3.0 3.0  60.7  60.7 -2550.0 -2500.0
SC_S2_34_R		 7 1 12  4  1  2 10  -2420.1 3.0 3.0  60.9  60.9 -2550.0 -2500.0
SC_S2_35_R		 7 1 12  4  1  2 11  -2303.0 3.0 3.0  60.6  60.6 -2550.0 -2500.0
SC_S2_36_R		 7 1 12  4  4  2  0  -2330.7 3.0 3.0  61.2  61.2 -2550.0 -2500.0
SC_S2_37_R		 7 1 12  4  4  2  1  -2156.7 3.0 3.0  60.9  60.9 -2550.0 -2500.0
SC_S2_38_R		 7 1 12  4  4  2  2  -2325.9 3.0 3.0  61.2  61.2 -2550.0 -2500.0
SC_S2_39_R		 7 1 12  4  4  2  3  -2280.6 3.0 3.0  60.9  60.9 -2550.0 -2500.0
SC_S2_40_R		 7 1 12  4  4  2  4  -1787.7 3.0 3.0  61.5  61.5 -2550.0 -2500.0
SC_S2_41_R		 7 1 12  4  4  2  5  -2500.0 3.0 3.0  60.7  60.7 -2550.0 -2500.0
SC_S2_42_R		 7 1 12  4  4  2  6  -2500.0 3.0 3.0  60.9  60.9 -2550.0 -2500.0
SC_S2_43_R		 7 1 12  4  4  2  7  -2500.0 3.0 3.0  61.1  61.1 -2550.0 -2500.0
SC_S2_44_R		 7 1 12  4  4  2  8  -1569.8 3.0 3.0  61.2  61.2 -2550.0 -2500.0
SC_S2_45_R		 7 1 12  4  4  2  9  -2500.0 3.0 3.0  61.2  61.2 -2550.0 -2500.0
