SC_S1_46_L		 9 1 12  6  4  2  0  -2500.0 3.0 3.0  61.1  61.1 -2550.0 -2500.0
SC_S1_47_L		 9 1 12  6  4  2  1  -2307.7 3.0 3.0  61.1  61.1 -2550.0 -2500.0
SC_S1_48_L		 9 1 12  6  4  2  2  -2233.7 3.0 3.0  61.2  61.2 -2550.0 -2500.0
SC_S1_49_L		 9 1 12  6  4  2  3  -2417.1 3.0 3.0  61.4  61.4 -2550.0 -2500.0
SC_S1_50_L		 9 1 12  6  4  2  4  -2103.8 3.0 3.0  61.2  61.2 -2550.0 -2500.0
SC_S1_51_L		 9 1 12  6  4  2  5  -2382.4 3.0 3.0  61.1  61.1 -2550.0 -2500.0
SC_S1_52_L		 9 1 12  6  4  2  6  -2452.3 3.0 3.0  60.8  60.8 -2550.0 -2500.0
SC_S1_53_L		 9 1 12  6  4  2  7  -2415.9 3.0 3.0  60.9  60.9 -2550.0 -2500.0
SC_S1_54_L		10 1 12  6  4  2  8  -2083.1 3.0 3.0  61.7  61.7 -2550.0 -2500.0
SC_S1_55_L		10 1 12  6  4  2  9  -2463.1 3.0 3.0  60.6  60.6 -2550.0 -2500.0
SC_S1_56_L		10 1 12  6  4  2 10  -2066.0 3.0 3.0  60.9  60.9 -2550.0 -2500.0
SC_S1_57_L		10 1 12  6  4  2 11  -2091.4 3.0 3.0  61.2  61.2 -2550.0 -2500.0
SC_S1_46_R		 9 1 12  6  5  2  0  -2500.0 3.0 3.0  61.2  61.2 -2550.0 -2500.0
SC_S1_47_R		 9 1 12  6  5  2  1  -2500.0 3.0 3.0  60.8  60.8 -2550.0 -2500.0
SC_S1_48_R		 9 1 12  6  5  2  2  -2500.0 3.0 3.0  61.0  61.0 -2550.0 -2500.0
SC_S1_49_R		 9 1 12  6  5  2  3  -2459.0 3.0 3.0  61.0  61.0 -2550.0 -2500.0
SC_S1_50_R		 9 1 12  6  5  2  4  -2415.0 3.0 3.0  61.0  61.0 -2550.0 -2500.0
SC_S1_51_R		 9 1 12  6  5  2  5  -1573.0 3.0 3.0  61.4  61.4 -2550.0 -2500.0
SC_S1_52_R		 9 1 12  6  5  2  6  -1586.4 3.0 3.0  61.0  61.0 -2550.0 -2500.0
SC_S1_53_R		 9 1 12  6  5  2  7  -2324.6 3.0 3.0  61.0  61.0 -2550.0 -2500.0
SC_S1_54_R		10 1 12  6  5  2  8  -2194.8 3.0 3.0  61.1  61.1 -2550.0 -2500.0
SC_S1_55_R		10 1 12  6  5  2  9  -1998.6 3.0 3.0  61.2  61.2 -2550.0 -2500.0
SC_S1_56_R		10 1 12  6  5  2 10  -2500.0 3.0 3.0  61.2  61.2 -2550.0 -2500.0
SC_S1_57_R		10 1 12  6  5  2 11  -2256.9 3.0 3.0  61.1  61.1 -2550.0 -2500.0
SC_S2_46_L		 9 1 12  6  6  2  0  -1628.7 3.0 3.0  61.1  61.1 -2550.0 -2500.0
SC_S2_47_L		 9 1 12  6  6  2  1  -1650.0 3.0 3.0  61.2  61.2 -2550.0 -2500.0
SC_S2_48_L		 9 1 12  6  6  2  2  -1541.6 3.0 3.0  61.3  61.3 -2550.0 -2500.0
SC_S2_49_L		 9 1 12  6  6  2  3  -2364.1 3.0 3.0  61.0  61.0 -2550.0 -2500.0
SC_S2_50_L		 9 1 12  6  6  2  4  -2309.7 3.0 3.0  61.2  61.2 -2550.0 -2500.0
SC_S2_51_L		 9 1 12  6  6  2  5  -1613.7 3.0 3.0  60.9  60.9 -2550.0 -2500.0
SC_S2_52_L		 9 1 12  6  6  2  6  -2383.1 3.0 3.0  61.0  61.0 -2550.0 -2500.0
SC_S2_53_L		 9 1 12  6  6  2  7  -1628.9 3.0 3.0  61.4  61.4 -2550.0 -2500.0
SC_S2_54_L		10 1 12  6  6  2  8  -2283.8 3.0 3.0  60.9  60.9 -2550.0 -2500.0
SC_S2_55_L		10 1 12  6  6  2  9  -2103.1 3.0 3.0  61.0  61.0 -2550.0 -2500.0
SC_S2_56_L		10 1 12  6  6  2 10  -1820.6 3.0 3.0  61.0  61.0 -2550.0 -2500.0
SC_S2_57_L		10 1 12  6  6  2 11  -2018.0 3.0 3.0  61.1  61.1 -2550.0 -2500.0
SC_S2_46_R		 9 1 12  6  7  2  0  -1633.2 3.0 3.0  61.2  61.2 -2550.0 -2500.0
SC_S2_47_R		 9 1 12  6  7  2  1  -1718.3 3.0 3.0  61.6  61.6 -2550.0 -2500.0
SC_S2_48_R		 9 1 12  6  7  2  2  -1615.6 3.0 3.0  60.9  60.9 -2550.0 -2500.0
SC_S2_49_R		 9 1 12  6  7  2  3  -1694.5 3.0 3.0  61.0  61.0 -2550.0 -2500.0
SC_S2_50_R		 9 1 12  6  7  2  4  -1988.6 3.0 3.0  61.1  61.1 -2550.0 -2500.0
SC_S2_51_R		 9 1 12  6  7  2  5  -2150.2 3.0 3.0  61.0  61.0 -2550.0 -2500.0
SC_S2_52_R		 9 1 12  6  7  2  6  -1598.3 3.0 3.0  61.3  61.3 -2550.0 -2500.0
SC_S2_53_R		 9 1 12  6  7  2  7  -1554.7 3.0 3.0  61.3  61.3 -2550.0 -2500.0
SC_S2_54_R		10 1 12  6  7  2  8  -2329.4 3.0 3.0  60.8  60.8 -2550.0 -2500.0
SC_S2_55_R		10 1 12  6  7  2  9  -2150.0 3.0 3.0  61.1  61.1 -2550.0 -2500.0
SC_S2_56_R		10 1 12  6  7  2 10  -2300.1 3.0 3.0  61.1  61.1 -2550.0 -2500.0
SC_S2_57_R		10 1 12  6  7  2 11  -2170.3 3.0 3.0  61.0  61.0 -2550.0 -2500.0
SC_S3_46_L		 9 1 12  6  8  2  0  -1650.0 3.0 3.0  60.9  60.9 -2550.0 -2500.0
SC_S3_47_L		 9 1 12  6  8  2  1  -2500.0 3.0 3.0  60.9  60.9 -2550.0 -2500.0
SC_S3_48_L		 9 1 12  6  8  2  2  -1778.8 3.0 3.0  60.8  60.8 -2550.0 -2500.0
SC_S3_49_L		 9 1 12  6  8  2  3  -1742.7 3.0 3.0  60.9  60.9 -2550.0 -2500.0
SC_S3_50_L		 9 1 12  6  8  2  4  -2500.0 3.0 3.0  60.9  60.9 -2550.0 -2500.0
SC_S3_51_L		 9 1 12  6  8  2  5  -2452.2 3.0 3.0  61.1  61.1 -2550.0 -2500.0
SC_S3_52_L		 9 1 12  6  8  2  6  -2500.0 3.0 3.0  61.0  61.0 -2550.0 -2500.0
SC_S3_53_L		 9 1 12  6  8  2  7  -2500.0 3.0 3.0  61.0  61.0 -2550.0 -2500.0
SC_S3_54_L		10 1 12  6  8  2  8  -2223.9 3.0 3.0  61.1  61.1 -2550.0 -2500.0
SC_S3_55_L		10 1 12  6  8  2  9  -2241.0 3.0 3.0  60.9  60.9 -2550.0 -2500.0
SC_S3_56_L		10 1 12  6  8  2 10  -1794.4 3.0 3.0  61.2  61.2 -2550.0 -2500.0
SC_S3_57_L		10 1 12  6  8  2 11  -2182.9 3.0 3.0  60.9  60.9 -2550.0 -2500.0
SC_S3_46_R		 9 1 12  6  9  2  0  -1651.8 3.0 3.0  61.0  61.0 -2550.0 -2500.0
SC_S3_47_R		 9 1 12  6  9  2  1  -2500.0 3.0 3.0  61.0  61.0 -2550.0 -2500.0
SC_S3_48_R		 9 1 12  6  9  2  2  -2500.0 3.0 3.0  61.1  61.1 -2550.0 -2500.0
SC_S3_49_R		 9 1 12  6  9  2  3  -2346.2 3.0 3.0  60.5  60.5 -2550.0 -2500.0
SC_S3_50_R		 9 1 12  6  9  2  4  -2142.7 3.0 3.0  60.5  60.5 -2550.0 -2500.0
SC_S3_51_R		 9 1 12  6  9  2  5  -1706.1 3.0 3.0  60.7  60.7 -2550.0 -2500.0
SC_S3_52_R		 9 1 12  6  9  2  6  -2096.7 3.0 3.0  60.6  60.6 -2550.0 -2500.0
SC_S3_53_R		 9 1 12  6  9  2  7  -2500.0 3.0 3.0  60.4  60.4 -2550.0 -2500.0
SC_S3_54_R		10 1 12  6  9  2  8  -2207.2 3.0 3.0  60.4  60.4 -2550.0 -2500.0
SC_S3_55_R		10 1 12  6  9  2  9  -2350.0 3.0 3.0  61.5  61.5 -2550.0 -2500.0
SC_S3_56_R		10 1 12  6  9  2 10  -2020.8 3.0 3.0  60.7  60.7 -2550.0 -2500.0
SC_S3_57_R		10 1 12  6  9  2 11  -2182.9 3.0 3.0  60.6  60.6 -2550.0 -2500.0
SC_S4_46_L		 9 1 12  6 10  2  0  -2170.2 3.0 3.0  60.5  60.5 -2550.0 -2500.0
SC_S4_47_L		 9 1 12  6 10  2  1  -2500.0 3.0 3.0  60.0  60.0 -2550.0 -2500.0
SC_S4_48_L		 9 1 12  6 10  2  2  -2500.0 3.0 3.0  60.7  60.7 -2550.0 -2500.0
SC_S4_49_L		 9 1 12  6 10  2  3  -2249.8 3.0 3.0  61.0  61.0 -2550.0 -2500.0
SC_S4_50_L		 9 1 12  6 10  2  4  -2500.0 3.0 3.0  60.8  60.8 -2550.0 -2500.0
SC_S4_51_L		 9 1 12  6 10  2  5  -2185.8 3.0 3.0  60.8  60.8 -2550.0 -2500.0
SC_S4_52_L		 9 1 12  6 10  2  6  -2500.0 3.0 3.0  60.5  60.5 -2550.0 -2500.0
SC_S4_53_L		 9 1 12  6 10  2  7  -2465.9 3.0 3.0  61.2  61.2 -2550.0 -2500.0
SC_S4_54_L		10 1 12  6 10  2  8  -2095.0 3.0 3.0  60.7  60.7 -2550.0 -2500.0
SC_S4_55_L		10 1 12  6 10  2  9  -2373.3 3.0 3.0  60.7  60.7 -2550.0 -2500.0
SC_S4_56_L		10 1 12  6 10  2 10  -2065.1 3.0 3.0  60.5  60.5 -2550.0 -2500.0
SC_S4_57_L		10 1 12  6 10  2 11  -2107.9 3.0 3.0  60.2  60.2 -2550.0 -2500.0
SC_S4_46_R		 9 1 12  6 11  2  0  -1652.7 3.0 3.0  60.7  60.7 -2550.0 -2500.0
SC_S4_47_R		 9 1 12  6 11  2  1  -2500.0 3.0 3.0  60.6  60.6 -2550.0 -2500.0
SC_S4_48_R		 9 1 12  6 11  2  2  -2500.0 3.0 3.0  60.7  60.7 -2550.0 -2500.0
SC_S4_49_R		 9 1 12  6 11  2  3  -2300.0 3.0 3.0  60.5  60.5 -2550.0 -2500.0
SC_S4_50_R		 9 1 12  6 11  2  4  -2483.5 3.0 3.0  60.8  60.8 -2550.0 -2500.0
SC_S4_51_R		 9 1 12  6 11  2  5  -2500.0 3.0 3.0  60.6  60.6 -2550.0 -2500.0
SC_S4_52_R		 9 1 12  6 11  2  6  -2500.0 3.0 3.0  60.9  60.9 -2550.0 -2500.0
SC_S4_53_R		 9 1 12  6 11  2  7  -2427.7 3.0 3.0  60.8  60.8 -2550.0 -2500.0
SC_S4_54_R		10 1 12  6 11  2  8  -2075.2 3.0 3.0  61.1  61.1 -2550.0 -2500.0
SC_S4_55_R		10 1 12  6 11  2  9  -2500.0 3.0 3.0  60.8  60.8 -2550.0 -2500.0
SC_S4_56_R		10 1 12  6 11  2 10  -2204.1 3.0 3.0  60.0  60.0 -2550.0 -2500.0
SC_S4_57_R		10 1 12  6 11  2 11  -2142.0 3.0 3.0  60.7  60.7 -2550.0 -2500.0
SC_S5_46_L		 9 1 12  6 12  2  0  -1619.3 3.0 3.0  60.9  60.9 -2550.0 -2500.0
SC_S5_47_L		 9 1 12  6 12  2  1  -2500.0 3.0 3.0  61.1  61.1 -2550.0 -2500.0
SC_S5_48_L		 9 1 12  6 12  2  2  -1664.7 3.0 3.0  61.0  61.0 -2550.0 -2500.0
SC_S5_49_L		 9 1 12  6 12  2  3  -2000.0 3.0 3.0  60.8  60.8 -2550.0 -2500.0
SC_S5_50_L		 9 1 12  6 12  2  4  -2498.8 3.0 3.0  60.5  60.5 -2550.0 -2500.0
SC_S5_51_L		 9 1 12  6 12  2  5  -2500.0 3.0 3.0  60.9  60.9 -2550.0 -2500.0
SC_S5_52_L		 9 1 12  6 12  2  6  -2500.0 3.0 3.0  60.6  60.6 -2550.0 -2500.0
SC_S5_53_L		 9 1 12  6 12  2  7  -2500.0 3.0 3.0  60.5  60.5 -2550.0 -2500.0
SC_S5_54_L		10 1 12  6 12  2  8  -2201.4 3.0 3.0  60.5  60.5 -2550.0 -2500.0
SC_S5_55_L		10 1 12  6 12  2  9  -2464.6 3.0 3.0  61.0  61.0 -2550.0 -2500.0
SC_S5_56_L		10 1 12  6 12  2 10  -1849.1 3.0 3.0  60.7  60.7 -2550.0 -2500.0
SC_S5_57_L		10 1 12  6 12  2 11  -2500.0 3.0 3.0  60.5  60.5 -2550.0 -2500.0
SC_S5_46_R		 9 1 12  6 13  2  0  -2500.0 3.0 3.0  60.9  60.9 -2550.0 -2500.0
SC_S5_47_R		 9 1 12  6 13  2  1  -2097.5 3.0 3.0  60.9  60.9 -2550.0 -2500.0
SC_S5_48_R		 9 1 12  6 13  2  2  -2279.3 3.0 3.0  60.9  60.9 -2550.0 -2500.0
SC_S5_49_R		 9 1 12  6 13  2  3  -2500.0 3.0 3.0  61.2  61.2 -2550.0 -2500.0
SC_S5_50_R		 9 1 12  6 13  2  4  -2454.3 3.0 3.0  61.2  61.2 -2550.0 -2500.0
SC_S5_51_R		 9 1 12  6 13  2  5  -2339.5 3.0 3.0  61.0  61.0 -2550.0 -2500.0
SC_S5_52_R		 9 1 12  6 13  2  6  -1641.2 3.0 3.0  60.8  60.8 -2550.0 -2500.0
SC_S5_53_R		 9 1 12  6 13  2  7  -2500.0 3.0 3.0  61.3  61.3 -2550.0 -2500.0
SC_S5_54_R		10 1 12  6 13  2  8  -2123.5 3.0 3.0  61.2  61.2 -2550.0 -2500.0
SC_S5_55_R		10 1 12  6 13  2  9  -2317.9 3.0 3.0  61.3  61.3 -2550.0 -2500.0
SC_S5_56_R		10 1 12  6 13  2 10  -2304.8 3.0 3.0  61.0  61.0 -2550.0 -2500.0
SC_S5_57_R		10 1 12  6 13  2 11  -2500.0 3.0 3.0  61.2  61.2 -2550.0 -2500.0
SC_S6_46_L		 9 1 12  6 14  2  0  -2488.3 3.0 3.0  61.2  61.2 -2550.0 -2500.0
SC_S6_47_L		 9 1 12  6 14  2  1  -2500.0 3.0 3.0  60.5  60.5 -2550.0 -2500.0
SC_S6_48_L		 9 1 12  6 14  2  2  -1716.0 3.0 3.0  60.9  60.9 -2550.0 -2500.0
SC_S6_49_L		 9 1 12  6 14  2  3  -2500.0 3.0 3.0  60.8  60.8 -2550.0 -2500.0
SC_S6_50_L		 9 1 12  6 14  2  4  -1700.0 3.0 3.0  60.6  60.6 -2550.0 -2500.0
SC_S6_51_L		 9 1 12  6 14  2  5  -2400.2 3.0 3.0  60.7  60.7 -2550.0 -2500.0
SC_S6_52_L		 9 1 12  6 14  2  6  -2297.4 3.0 3.0  61.1  61.1 -2550.0 -2500.0
SC_S6_53_L		 9 1 12  6 14  2  7  -2500.0 3.0 3.0  61.6  61.6 -2550.0 -2500.0
SC_S6_54_L		10 1 12  6 14  2  8  -2284.2 3.0 3.0  60.7  60.7 -2550.0 -2500.0
SC_S6_55_L		10 1 12  6 14  2  9  -2352.7 3.0 3.0  60.8  60.8 -2550.0 -2500.0
SC_S6_56_L		10 1 12  6 14  2 10  -1912.1 3.0 3.0  60.9  60.9 -2550.0 -2500.0
SC_S6_57_L		10 1 12  6 14  2 11  -2500.0 3.0 3.0  60.8  60.8 -2550.0 -2500.0
SC_S6_46_R		 9 1 12  6 15  2  0  -2453.4 3.0 3.0  60.3  60.3 -2550.0 -2500.0
SC_S6_47_R		 9 1 12  6 15  2  1  -2500.0 3.0 3.0  61.3  61.3 -2550.0 -2500.0
SC_S6_48_R		 9 1 12  6 15  2  2  -2500.0 3.0 3.0  61.2  61.2 -2550.0 -2500.0
SC_S6_49_R		 9 1 12  6 15  2  3  -1850.7 3.0 3.0  61.0  61.0 -2550.0 -2500.0
SC_S6_50_R		 9 1 12  6 15  2  4  -1352.0 3.0 3.0  60.4  60.4 -2550.0 -2500.0
SC_S6_51_R		 9 1 12  6 15  2  5  -2500.0 3.0 3.0  61.0  61.0 -2550.0 -2500.0
SC_S6_52_R		 9 1 12  6 15  2  6  -2174.8 3.0 3.0  61.3  61.3 -2550.0 -2500.0
SC_S6_53_R		 9 1 12  6 15  2  7  -2500.0 3.0 3.0  61.5  61.5 -2550.0 -2500.0
SC_S6_54_R		10 1 12  6 15  2  8  -2217.9 3.0 3.0  60.5  60.5 -2550.0 -2500.0
SC_S6_55_R		10 1 12  6 15  2  9  -2327.6 3.0 3.0  60.9  60.9 -2550.0 -2500.0
SC_S6_56_R		10 1 12  6 15  2 10  -2261.7 3.0 3.0  60.7  60.7 -2550.0 -2500.0
SC_S6_57_R		10 1 12  6 15  2 11   -500.9 3.0 3.0  60.7  60.7 -2550.0 -2500.0
