TA_t_01L             01 1 12 02 00 02 01 -1600.0   1.5   1.3    60.5   484.6 -2550.0 -2500.0
TA_t_01R             01 1 12 02 01 02 01 -1650.0   1.5   1.3    61.0   488.1 -2550.0 -2500.0
TA_t_02L             01 1 12 02 00 02 02 -1650.0   1.5   1.3    60.6   484.8 -2550.0 -2500.0
TA_t_02R             01 1 12 02 01 02 02 -1700.0   1.5   1.3    61.2   489.7 -2550.0 -2500.0
TA_t_03L             01 1 12 02 00 02 03 -1550.0   1.5   1.3    60.6   485.3 -2550.0 -2500.0
TA_t_03R             01 1 12 02 01 02 03 -1550.0   1.5   1.3    61.2   489.6 -2550.0 -2500.0
TA_t_04L             01 1 12 02 00 02 04 -1550.0   1.5   1.3    60.7   485.9 -2550.0 -2500.0
TA_t_04R             01 1 12 02 01 02 04 -1600.0   1.5   1.3    61.1   488.8 -2550.0 -2500.0
TA_t_05L             01 1 12 02 00 02 05 -1500.0   1.5   1.3    60.4   483.9 -2550.0 -2500.0
TA_t_05R             01 1 12 02 01 02 05 -1650.0   1.5   1.3    61.3   490.5 -2550.0 -2500.0
TA_t_06L             01 1 12 02 00 02 06 -1500.0   1.5   1.3    60.7   485.9 -2550.0 -2500.0
TA_t_06R             01 1 12 02 01 02 06 -1700.0   1.5   1.3    61.0   488.2 -2550.0 -2500.0
TA_t_07L             01 1 12 02 00 02 07 -1550.0   1.5   1.3    60.2   481.7 -2550.0 -2500.0
TA_t_07R             01 1 12 02 01 02 07 -1650.0   1.5   1.3    61.1   489.2 -2550.0 -2500.0
TA_t_08L             01 1 12 02 00 02 08 -1650.0   1.5   1.3    61.0   488.5 -2550.0 -2500.0
TA_t_08R             01 1 12 02 01 02 08 -1600.0   1.5   1.3    61.0   488.6 -2550.0 -2500.0
TA_t_09L             01 1 12 02 00 02 09 -1550.0   1.5   1.3    60.6   485.3 -2550.0 -2500.0
TA_t_09R             01 1 12 02 01 02 09 -1550.0   1.5   1.3    61.1   488.9 -2550.0 -2500.0
TA_t_10L             01 1 12 02 02 02 00 -1650.0   1.5   1.3    61.0   488.2 -2550.0 -2500.0
TA_t_10R             01 1 12 02 03 02 00 -1550.0   1.5   1.3    60.1    60.1 -2550.0 -2500.0
TA_t_11L             01 1 12 02 02 02 01 -2000.0   1.5   1.3    60.9   487.7 -2550.0 -2500.0
TA_t_11R             01 1 12 02 03 02 01 -1600.0   1.5   1.3    61.0    61.0 -2550.0 -2500.0
TA_t_12L             01 1 12 02 02 02 02 -1550.0   1.5   1.3    61.3   490.5 -2550.0 -2500.0
TA_t_12R             01 1 12 02 03 02 02 -1600.0   1.5   1.3    61.0    61.0 -2550.0 -2500.0
TA_t_13L             01 1 12 02 02 02 03 -1700.0   1.5   1.3    60.6   484.9 -2550.0 -2500.0
TA_t_13R             01 1 12 02 03 02 03 -1550.0   1.5   1.3    61.8    61.8 -2550.0 -2500.0
TA_t_14L             01 1 12 02 02 02 04 -1550.0   1.5   1.3    60.9   487.3 -2550.0 -2500.0
TA_t_14R             01 1 12 02 03 02 04 -1550.0   1.5   1.3    60.5    60.5 -2550.0 -2500.0
TA_t_15L             01 1 12 02 02 02 05 -1450.0   1.5   1.3    60.7   485.9 -2550.0 -2500.0
TA_t_15R             01 1 12 02 03 02 05 -1800.0   1.4   1.3    59.7    59.7 -2550.0 -2500.0
TA_t_16L             01 1 12 02 02 02 06 -1650.0   1.5   1.3    60.9   487.7 -2550.0 -2500.0
TA_t_16R             01 1 12 02 03 02 06 -1550.0   1.5   1.3    60.3    60.3 -2550.0 -2500.0
TA_t_17L             01 1 12 02 02 02 07 -1500.0   1.5   1.3    61.4   491.4 -2550.0 -2500.0
TA_t_17R             01 1 12 02 03 02 07 -1650.0   1.5   1.3    60.9    60.9 -2550.0 -2500.0
TA_t_18L             01 1 12 02 02 02 08 -1500.0   1.5   1.3    60.8   486.4 -2550.0 -2500.0
TA_t_18R             01 1 12 02 03 02 08 -1800.0   1.5   1.3    60.5    60.5 -2550.0 -2500.0
TA_t_19L             01 1 12 02 02 02 09 -1550.0   1.5   1.3    61.0   488.3 -2550.0 -2500.0
TA_t_19R             01 1 12 02 03 02 09 -1600.0   1.5   1.3    60.5    60.5 -2550.0 -2500.0
TA_t_20L             01 1 12 02 04 02 00 -2050.0   1.5   1.3    61.2    61.2 -2550.0 -2500.0
TA_t_20R             01 1 12 02 05 02 00 -1600.0   1.5   1.3    60.8   486.7 -2550.0 -2500.0
TA_t_21L             02 1 12 02 04 02 01 -1700.0   1.5   1.3    61.1    61.1 -2550.0 -2500.0
TA_t_21R             02 1 12 02 05 02 01 -1600.0   1.5   1.3    60.8   486.8 -2550.0 -2500.0
TA_t_22L             02 1 12 02 04 02 02 -1550.0   1.5   1.3    61.3    61.3 -2550.0 -2500.0
TA_t_22R             02 1 12 02 05 02 02 -1600.0   1.5   1.3    60.5   484.0 -2550.0 -2500.0
TA_t_23L             02 1 12 02 04 02 03 -1450.0   1.5   1.3    61.2    61.2 -2550.0 -2500.0
TA_t_23R             02 1 12 02 05 02 03 -1600.0   1.5   1.3    61.3   490.8 -2550.0 -2500.0
TA_t_24L             02 1 12 02 04 02 04 -1500.0   1.5   1.3    61.1    61.1 -2550.0 -2500.0
TA_t_24R             02 1 12 02 05 02 04 -1550.0   1.5   1.3    61.2   490.2 -2550.0 -2500.0
TA_t_25L             02 1 12 02 04 02 05 -1500.0   1.5   1.3    61.6    61.6 -2550.0 -2500.0
TA_t_25R             02 1 12 02 05 02 05 -1550.0   1.5   1.3    60.5   484.4 -2550.0 -2500.0
TA_t_26L             02 1 12 02 04 02 06 -1550.0   1.5   1.3    61.0    61.0 -2550.0 -2500.0
TA_t_26R             02 1 12 02 05 02 06 -1600.0   1.5   1.3    60.5   484.7 -2550.0 -2500.0
TA_t_27L             02 1 12 02 04 02 07 -1550.0   1.5   1.3    61.1    61.1 -2550.0 -2500.0
TA_t_27R             02 1 12 02 05 02 07 -1550.0   1.5   1.3    60.7   486.1 -2550.0 -2500.0
TA_t_28L             02 1 12 02 04 02 08 -1450.0   1.5   1.3    61.0    61.0 -2550.0 -2500.0
TA_t_28R             02 1 12 02 05 02 08 -1550.0   1.5   1.3    61.1   489.5 -2550.0 -2500.0
TA_t_29L             02 1 12 02 04 02 09 -1500.0   1.5   1.3    60.9    60.9 -2550.0 -2500.0
TA_t_29R             02 1 12 02 05 02 09 -1550.0   1.5   1.3    61.1   489.4 -2550.0 -2500.0
TA_t_30L             02 1 12 02 06 02 00 -1450.0   1.5   1.3    60.9   487.7 -2550.0 -2500.0
TA_t_30R             02 1 12 02 07 02 00 -1600.0   1.5   1.3    60.6   485.3 -2550.0 -2500.0
TA_t_31L             02 1 12 02 06 02 01 -1500.0   1.5   1.3    60.4   483.7 -2550.0 -2500.0
TA_t_31R             02 1 12 02 07 02 01 -1550.0   1.5   1.3    60.8   486.9 -2550.0 -2500.0
TA_t_32L             02 1 12 02 06 02 02 -1500.0   1.5   1.3    60.8   486.4 -2550.0 -2500.0
TA_t_32R             02 1 12 02 07 02 02 -1650.0   1.5   1.3    60.5   484.4 -2550.0 -2500.0
TA_t_33L             02 1 12 02 06 02 03 -1500.0   1.5   1.3    61.0   488.1 -2550.0 -2500.0
TA_t_33R             02 1 12 02 07 02 03 -1550.0   1.5   1.3    60.4   483.5 -2550.0 -2500.0
TA_t_34L             02 1 12 02 06 02 04 -1500.0   1.5   1.3    60.2   482.3 -2550.0 -2500.0
TA_t_34R             02 1 12 02 07 02 04 -1550.0   1.5   1.3    60.5   484.7 -2550.0 -2500.0
TA_t_35L             02 1 12 02 06 02 05 -1450.0   1.5   1.3    60.7   486.0 -2550.0 -2500.0
TA_t_35R             02 1 12 02 07 02 05 -1600.0   1.5   1.3    61.1   489.0 -2550.0 -2500.0
TA_t_36L             02 1 12 02 06 02 06 -1500.0   1.5   1.3    60.8   486.7 -2550.0 -2500.0
TA_t_36R             02 1 12 02 07 02 06 -1600.0   1.5   1.3    60.9   487.6 -2550.0 -2500.0
TA_t_37L             02 1 12 02 06 02 07 -1550.0   1.5   1.3    60.4   483.2 -2550.0 -2500.0
TA_t_37R             02 1 12 02 07 02 07 -1600.0   1.5   1.3    60.6   484.9 -2550.0 -2500.0
TA_t_38L             02 1 12 02 06 02 08 -1550.0   1.5   1.3    60.4   483.6 -2550.0 -2500.0
TA_t_38R             02 1 12 02 07 02 08 -1700.0   1.5   1.3    60.1   480.8 -2550.0 -2500.0
TA_t_39L             03 1 12 02 06 02 09 -1550.0   1.5   1.3    60.5   484.3 -2550.0 -2500.0
TA_t_39R             03 1 12 02 07 02 09 -1550.0   1.5   1.3    60.8   486.6 -2550.0 -2500.0
TA_t_40L             03 1 12 02 08 02 00 -1550.0   1.5   1.3    61.1   489.0 -2550.0 -2500.0
TA_t_40R             03 1 12 02 09 02 00 -1600.0   1.5   1.3    60.5   484.5 -2550.0 -2500.0
TA_t_41L             03 1 12 02 08 02 01 -1450.0   1.5   1.3    60.8   486.7 -2550.0 -2500.0
TA_t_41R             03 1 12 02 09 02 01 -1550.0   1.5   1.3    61.1    61.1 -2550.0 -2500.0
TA_t_42L             03 1 12 02 08 02 02 -1700.0   1.5   1.3    60.8   486.8 -2550.0 -2500.0
TA_t_42R             03 1 12 02 09 02 02 -1550.0   1.5   1.3    60.7   485.8 -2550.0 -2500.0
TA_t_43L             03 1 12 02 08 02 03 -1550.0   1.5   1.3    60.7   486.2 -2550.0 -2500.0
TA_t_43R             03 1 12 02 09 02 03 -1600.0   1.5   1.3    60.9   487.6 -2550.0 -2500.0
TA_t_44L             03 1 12 02 08 02 04 -1550.0   1.5   1.3    60.8   486.4 -2550.0 -2500.0
TA_t_44R             03 1 12 02 09 02 04 -1600.0   1.5   1.3    60.8   486.9 -2550.0 -2500.0
TA_t_45L             03 1 12 02 08 02 05 -1650.0   1.5   1.3    61.0   488.5 -2550.0 -2500.0
TA_t_45R             03 1 12 02 09 02 05 -1550.0   1.5   1.3    60.4   483.7 -2550.0 -2500.0
TA_t_46L             03 1 12 02 08 02 06 -1500.0   1.5   1.3    61.4   491.3 -2550.0 -2500.0
TA_t_46R             03 1 12 02 09 02 06 -1550.0   1.5   1.3    60.8   486.5 -2550.0 -2500.0
TA_t_47L             03 1 12 02 08 02 07 -1850.0   1.5   1.3    60.7   486.0 -2550.0 -2500.0
TA_t_47R             03 1 12 02 09 02 07 -1600.0   1.5   1.3    60.7   485.9 -2550.0 -2500.0
TA_t_48L             03 1 12 02 08 02 08 -1550.0   1.5   1.3    60.9   487.7 -2550.0 -2500.0
TA_t_48R             03 1 12 02 09 02 08 -1550.0   1.5   1.3    60.5   484.5 -2550.0 -2500.0
TA_t_49L             03 1 12 02 08 02 09 -1500.0   1.5   1.3    60.8   486.9 -2550.0 -2500.0
TA_t_49R             03 1 12 02 09 02 09 -1600.0   1.5   1.3    60.8   486.8 -2550.0 -2500.0
TA_t_50L             03 1 12 02 10 02 00 -1550.0   1.5   1.3    60.9   487.2 -2550.0 -2500.0
TA_t_50R             03 1 12 02 11 02 00 -1550.0   1.5   1.3    60.7    60.7 -2550.0 -2500.0
TA_t_51L             03 1 12 02 10 02 01 -1550.0   1.5   1.3    61.4   491.7 -2550.0 -2500.0
TA_t_51R             03 1 12 02 11 02 01 -1550.0   1.5   1.3    60.7   485.6 -2550.0 -2500.0
TA_t_52L             03 1 12 02 10 02 02 -1550.0   1.5   1.3    60.8   487.0 -2550.0 -2500.0
TA_t_52R             03 1 12 02 11 02 02 -1550.0   1.5   1.3    60.5   484.1 -2550.0 -2500.0
TA_t_53L             03 1 12 02 10 02 03 -1550.0   1.5   1.3    61.2   489.8 -2550.0 -2500.0
TA_t_53R             03 1 12 02 11 02 03 -1550.0   1.5   1.3    60.7   485.8 -2550.0 -2500.0
TA_t_54L             03 1 12 02 10 02 04 -1550.0   1.5   1.3    60.9   487.6 -2550.0 -2500.0
TA_t_54R             03 1 12 02 11 02 04 -1550.0   1.5   1.3    61.0   488.0 -2550.0 -2500.0
TA_t_55L             03 1 12 02 10 02 05 -1550.0   1.5   1.3    60.7   486.3 -2550.0 -2500.0
TA_t_55R             03 1 12 02 11 02 11 -2000.0   1.5   1.3    60.7   485.9 -2550.0 -2500.0
TA_t_56L             03 1 12 02 10 02 06 -1550.0   1.5   1.3    60.9   487.4 -2550.0 -2500.0
TA_t_56R             03 1 12 02 11 02 06 -1550.0   1.5   1.3    61.0   488.1 -2550.0 -2500.0
TA_t_57L             03 1 12 02 10 02 07 -1550.0   1.5   1.3    60.8   487.0 -2550.0 -2500.0
TA_t_57R             03 1 12 02 11 02 07 -1550.0   1.5   1.3    60.9   487.6 -2550.0 -2500.0
TA_t_58L             03 1 12 02 10 02 08 -1700.0   1.5   1.3    60.8   486.6 -2550.0 -2500.0
TA_t_58R             03 1 12 02 11 02 08 -1550.0   1.5   1.3    61.0   488.2 -2550.0 -2500.0
TA_t_59L             03 1 12 02 10 02 09 -1550.0   1.5   1.3    60.7   485.7 -2550.0 -2500.0
TA_t_59R             03 1 12 02 11 02 09 -1800.0   1.5   1.3    61.2   489.8 -2550.0 -2500.0
TA_t_60L             03 1 12 02 12 02 00 -1500.0   1.5   1.3    60.6   485.5 -2550.0 -2500.0
TA_t_60R             03 1 12 02 13 02 00 -1800.0   1.5   1.3    60.3   482.6 -2550.0 -2500.0
TA_t_61L             03 1 12 02 12 02 01 -1500.0   1.5   1.3    60.7   485.8 -2550.0 -2500.0
TA_t_61R             03 1 12 02 13 02 01 -1550.0   1.5   1.3    60.6   484.8 -2550.0 -2500.0
TA_e_1               04 1 12 7 0 2 00 -1900.5   1.5   1.3   60.5   250.5  -2550.5  -2500.5
TA_e_2               04 1 12 7 0 2 01 -1900.5   1.5   1.3   60.5   250.5  -2550.5  -2500.5
TA_e_3               04 1 12 7 0 2 02 -1900.5   1.5   1.3   60.5   250.5  -2550.5  -2500.5
TA_e_4               04 1 12 7 0 2 03 -1900.5   1.5   1.3   60.5   250.5  -2550.5  -2500.5
TA_e_5               04 1 12 7 0 2 04 -1900.5   1.5   1.3   60.5   250.5  -2550.5  -2500.5
TA_e_6               04 1 12 7 0 2 05 -1900.5   1.5   1.3   60.5   250.5  -2550.5  -2500.5
TA_e_7               04 1 12 7 0 2 06 -1900.5   1.5   1.3   60.5   250.5  -2550.5  -2500.5
TA_e_8               04 1 12 7 0 2 07 -1900.5   1.5   1.3   60.5   250.5  -2550.5  -2500.5
TA_e_9               04 1 12 7 0 2 08 -1900.5   1.5   1.3   60.5   250.5  -2550.5  -2500.5
TA_e_10              04 1 12 7 0 2 09 -1900.5   1.5   1.3   60.5   250.5  -2550.5  -2500.5
TA_e_11              04 1 12 7 0 2 10 -1900.5   1.5   1.3   60.5   250.5  -2550.5  -2500.5
TA_e_12           04 1 12 7 0 2 11 -1900.5   1.5   1.3   60.5   250.5  -2550.5  -2500.5
TA_e_13           04 1 12 7 1 2 00 -1900.5   1.5   1.3   60.5   250.5  -2550.5  -2500.5
TA_e_14           04 1 12 7 1 2 01 -1900.5   1.5   1.3   60.5   250.5  -2550.5  -2500.5
TA_e_15           04 1 12 7 1 2 02 -1900.5   1.5   1.3   60.5   250.5  -2550.5  -2500.5
TA_e_16           04 1 12 7 1 2 03 -1900.5   1.5   1.3   60.5   250.5  -2550.5  -2500.5
TA_e_17           04 1 12 7 1 2 04 -1900.5   1.5   1.3   60.5   250.5  -2550.5  -2500.5
TA_e_18           04 1 12 7 1 2 05 -1900.5   1.5   1.3   60.5   250.5  -2550.5  -2500.5
TA_e_19           04 1 12 7 1 2 06 -1900.5   1.5   1.3   60.5   250.5  -2550.5  -2500.5
TA_e_20           04 1 12 7 1 2 07 -1900.5   1.5   1.3   60.5   250.5  -2550.5  -2500.5
TA_e_21           04 1 12 7 1 2 08 -1900.5   1.5   1.3   60.5   250.5  -2550.5  -2500.5
TA_e_22           04 1 12 7 1 2 09 -1900.5   1.5   1.3   60.5   250.5  -2550.5  -2500.5
TA_e_23           04 1 12 7 1 2 10 -1900.5   1.5   1.3   60.5   250.5  -2550.5  -2500.5
TA_e_24           04 1 12 7 1 2 11 -1900.5   1.5   1.3   60.5   250.5  -2550.5  -2500.5
TA_e_25           04 1 12 7 2 2 00 -1900.5   1.5   1.3   60.5   250.5  -2550.5  -2500.5
TA_e_26           04 1 12 7 2 2 01 -1900.5   1.5   1.3   60.5   250.5  -2550.5  -2500.5
TA_e_27           04 1 12 7 2 2 02 -1900.5   1.5   1.3   60.5   250.5  -2550.5  -2500.5
TA_e_28           04 1 12 7 2 2 03 -1900.5   1.5   1.3   60.5   250.5  -2550.5  -2500.5
TA_e_29           04 1 12 7 2 2 04 -1900.5   1.5   1.3   60.5   250.5  -2550.5  -2500.5
TA_e_30           04 1 12 7 2 2 05 -1900.5   1.5   1.3   60.5   250.5  -2550.5  -2500.5
TA_e_31           04 1 12 7 2 2 06 -1900.5   1.5   1.3   60.5   250.5  -2550.5  -2500.5
TA_e_32           04 1 12 7 2 2 07 -1900.5   1.5   1.3   60.5   250.5  -2550.5  -2500.5
TA_e_33           04 1 12 7 2 2 08 -1900.5   1.5   1.3   60.5   250.5  -2550.5  -2500.5
TA_e_34           04 1 12 7 2 2 09 -1900.5   1.5   1.3   60.5   250.5  -2550.5  -2500.5
TA_e_35           04 1 12 7 2 2 10 -1900.5   1.5   1.3   60.5   250.5  -2550.5  -2500.5
TA_e_36           04 1 12 7 2 2 11 -1850   1.5   1.3   60.5   250.5  -2550.5  -2500.5
TA_e_37           04 1 12 7 3 2 00 -1900.5   1.5   1.3   60.5   250.5  -2550.5  -2500.5
TA_e_38           04 1 12 7 3 2 01 -1900.5   1.5   1.3   60.5   250.5  -2550.5  -2500.5
TA_e_39           04 1 12 7 3 2 02 -1900.5   1.5   1.3   60.5   250.5  -2550.5  -2500.5
TA_e_40           04 1 12 7 3 2 03 -1900.5   1.5   1.3   60.5   250.5  -2550.5  -2500.5
TA_e_41           04 1 12 7 3 2 04 -1850   1.5   1.3   60.5   250.5  -2550.5  -2500.5
TA_e_42           04 1 12 7 3 2 05 -1900.5   1.5   1.3   60.5   250.5  -2550.5  -2500.5
TA_e_43           04 1 12 7 3 2 06 -1900.5   1.5   1.3   60.5   250.5  -2550.5  -2500.5
TA_e_44           04 1 12 7 3 2 07 -1850   1.5   1.3   60.5   250.5  -2550.5  -2500.5
TA_e_45           04 1 12 7 3 2 08 -1850   1.5   1.3   60.5   250.5  -2550.5  -2500.5
TA_e_46           04 1 12 7 3 2 09 -1900.5   1.5   1.3   60.5   250.5  -2550.5  -2500.5
TA_e_47           04 1 12 7 3 2 10 -1900.5   1.5   1.3   60.5   250.5  -2550.5  -2500.5
TA_e_48           04 1 12 7 3 2 11 -1850   1.5   1.3   60.5   250.5  -2550.5  -2500.5
TA_e_49           04 1 12 7 4 2 00 -1900.5   1.5   1.3   60.5   250.5  -2550.5  -2500.5
TA_e_50           04 1 12 7 4 2 01 -1900.5   1.5   1.3   60.5   250.5  -2550.5  -2500.5
TA_e_51           04 1 12 7 4 2 02 -1900.5   1.5   1.3   60.5   250.5  -2550.5  -2500.5
TA_e_52           04 1 12 7 4 2 03 -1850   1.5   1.3   60.5   250.5  -2550.5  -2500.5
TA_e_53           04 1 12 7 4 2 04 -1850   1.5   1.3   60.5   250.5  -2550.5  -2500.5
TA_e_54           04 1 12 7 4 2 05 -1900.5   1.5   1.3   60.5   250.5  -2550.5  -2500.5
TA_e_55           04 1 12 7 4 2 06 -1950   1.5   1.3   60.5   250.5  -2550.5  -2500.5
TA_e_56           04 1 12 7 4 2 07 -1850   1.5   1.3   60.5   250.5  -2550.5  -2500.5
TA_e_57           04 1 12 7 4 2 08 -1850   1.5   1.3   60.5   250.5  -2550.5  -2500.5
TA_e_58           04 1 12 7 4 2 09 -1900.5   1.5   1.3   60.5   250.5  -2550.5  -2500.5
TA_e_59           04 1 12 7 4 2 10 -1900.5   1.5   1.3   60.5   250.5  -2550.5  -2500.5
TA_e_60           04 1 12 7 4 2 11 -1900.5   1.5   1.3   60.5   250.5  -2550.5  -2500.5
TA_e_61           04 1 12 7 5 2 00 -1900.5   1.5   1.3   60.5   250.5  -2550.5  -2500.5
TA_e_62           04 1 12 7 5 2 01 -1900.5   1.5   1.3   60.5   250.5  -2550.5  -2500.5
TA_e_63           04 1 12 7 5 2 02 -1900.5   1.5   1.3   60.5   250.5  -2550.5  -2500.5
TA_e_64           04 1 12 7 5 2 03 -1900.5   1.5   1.3   60.5   250.5  -2550.5  -2500.5
TA_e_65           04 1 12 7 5 2 04 -1900.5   1.5   1.3   60.5   250.5  -2550.5  -2500.5
TA_e_66           04 1 12 7 5 2 05 -1950   1.5   1.3   60.5   250.5  -2550.5  -2500.5
TA_e_67           04 1 12 7 5 2 06 -1900.5   1.5   1.3   60.5   250.5  -2550.5  -2500.5
TA_e_68           04 1 12 7 5 2 07 -1900.5   1.5   1.3   60.5   250.5  -2550.5  -2500.5
TA_e_69           04 1 12 7 5 2 08 -1900.5   1.5   1.3   60.5   250.5  -2550.5  -2500.5
TA_e_70           04 1 12 7 5 2 09 -1900.5   1.5   1.3   60.5   250.5  -2550.5  -2500.5
TA_e_71           04 1 12 7 5 2 10 -1900.5   1.5   1.3   60.5   250.5  -2550.5  -2500.5
TA_e_72           04 1 12 7 5 2 11 -1875   1.5   1.3   60.5   250.5  -2550.5  -2500.5
TA_e_73           04 1 12 7 6 2 00 -1875   1.5   1.3   60.5   250.5  -2550.5  -2500.5
TA_e_74           04 1 12 7 6 2 01 -1900.5   1.5   1.3   60.5   250.5  -2550.5  -2500.5
TA_e_75           04 1 12 7 6 2 02 -1900.5   1.5   1.3   60.5   250.5  -2550.5  -2500.5
TA_e_76           04 1 12 7 6 2 03 -1900.5   1.5   1.3   60.5   250.5  -2550.5  -2500.5
TA_e_77           04 1 12 7 6 2 04 -1900.5   1.5   1.3   60.5   250.5  -2550.5  -2500.5
TA_e_78           04 1 12 7 6 2 05 -1900.5   1.5   1.3   60.5   250.5  -2550.5  -2500.5
TA_e_79           04 1 12 7 6 2 06 -1900.5   1.5   1.3   60.5   250.5  -2550.5  -2500.5
TA_e_80           04 1 12 7 6 2 07 -1900.5   1.5   1.3   60.5   250.5  -2550.5  -2500.5
TA_e_81           04 1 12 7 6 2 08 -1875   1.5   1.3   60.5   250.5  -2550.5  -2500.5
TA_e_82           04 1 12 7 6 2 09 -1900.5   1.5   1.3   60.5   250.5  -2550.5  -2500.5
TA_e_83           04 1 12 7 6 2 10 -1900.5   1.5   1.3   60.5   250.5  -2550.5  -2500.5
TA_e_84           04 1 12 7 6 2 11 -1900.5   1.5   1.3   60.5   250.5  -2550.5  -2500.5
TA_e_85           04 1 12 7 7 2 00 -1900.5   1.5   1.3   60.5   250.5  -2550.5  -2500.5
TA_e_86           04 1 12 7 7 2 01 -1900.5   1.5   1.3   60.5   250.5  -2550.5  -2500.5
TA_e_87           04 1 12 7 7 2 02 -1900.5   1.5   1.3   60.5   250.5  -2550.5  -2500.5
TA_e_88           04 1 12 7 7 2 03 -1900.5   1.5   1.3   60.5   250.5  -2550.5  -2500.5
TA_e_89           04 1 12 7 7 2 04 -1900.5   1.5   1.3   60.5   250.5  -2550.5  -2500.5
TA_e_90           04 1 12 7 7 2 05 -1900.5   1.5   1.3   60.5   250.5  -2550.5  -2500.5
TA_e_91           04 1 12 7 7 2 06 -1900.5   1.5   1.3   60.5   250.5  -2550.5  -2500.5
TA_e_92           04 1 12 7 7 2 07 -1900.5   1.5   1.3   60.5   250.5  -2550.5  -2500.5
TA_e_93           04 1 12 7 7 2 08 -1900.5   1.5   1.3   60.5   250.5  -2550.5  -2500.5
TA_e_94           04 1 12 7 7 2 09 -1900.5   1.5   1.3   60.5   250.5  -2550.5  -2500.5
TA_e_95           04 1 12 7 7 2 10 -1900.5   1.5   1.3   60.5   250.5  -2550.5  -2500.5
TA_e_96           04 1 12 7 7 2 11 -1900.5   1.5   1.3   60.5   250.5  -2550.5  -2500.5
TA_e_97           04 1 12 7 8 2 00 -1900.5   1.5   1.3   60.5   250.5  -2550.5  -2500.5
TA_e_98           04 1 12 7 8 2 01 -2000   1.5   1.3   60.5   250.5  -2550.5  -2500.5
TA_e_99           04 1 12 7 8 2 02 -1900.5   1.5   1.3   60.5   250.5  -2550.5  -2500.5
TA_e_100           04 1 12 7 8 2 03 -1900.5   1.5   1.3   60.5   250.5  -2550.5  -2500.5
TA_e_101           04 1 12 7 8 2 04 -1900.5   1.5   1.3   60.5   250.5  -2550.5  -2500.5
TA_e_102           04 1 12 7 8 2 05 -1900.5   1.5   1.3   60.5   250.5  -2550.5  -2500.5
TA_e_103           04 1 12 7 8 2 06 -1900.5   1.5   1.3   60.5   250.5  -2550.5  -2500.5
TA_e_104           04 1 12 7 8 2 07 -1900.5   1.5   1.3   60.5   250.5  -2550.5  -2500.5
TA_e_105           04 1 12 7 8 2 08 -1900.5   1.5   1.3   60.5   250.5  -2550.5  -2500.5
TA_e_106           04 1 12 7 8 2 09 -1900.5   1.5   1.3   60.5   250.5  -2550.5  -2500.5
TA_e_107           04 1 12 7 8 2 10 -1900.5   1.5   1.3   60.5   250.5  -2550.5  -2500.5
TA_e_108           05 1 12 7 8 2 11 -1900.5   1.5   1.3   60.5   250.5  -2550.5  -2500.5
TA_e_109           05 1 12 7 9 2 00 -1900.5   1.5   1.3   60.5   250.5  -2550.5  -2500.5
TA_e_110           05 1 12 7 9 2 01 -1900.5   1.5   1.3   60.5   250.5  -2550.5  -2500.5
TA_e_111           05 1 12 7 9 2 02 -1950   1.5   1.3   60.5   250.5  -2550.5  -2500.5
TA_e_112           05 1 12 7 9 2 03 -1900.5   1.5   1.3   60.5   250.5  -2550.5  -2500.5
TA_e_113           05 1 12 7 9 2 04 -1900.5   1.5   1.3   60.5   250.5  -2550.5  -2500.5
TA_e_114           05 1 12 7 9 2 05 -1900.5   1.5   1.3   60.5   250.5  -2550.5  -2500.5
TA_e_115           05 1 12 7 9 2 06 -1950   1.5   1.3   60.5   250.5  -2550.5  -2500.5
TA_e_116           05 1 12 7 9 2 07 -1900.5   1.5   1.3   60.5   250.5  -2550.5  -2500.5
TA_e_117           05 1 12 7 9 2 08 -1900.5   1.5   1.3   60.5   250.5  -2550.5  -2500.5
TA_e_118           05 1 12 7 9 2 09 -1900.5   1.5   1.3   60.5   250.5  -2550.5  -2500.5
TA_e_119           05 1 12 7 9 2 10 -1950   1.5   1.3   60.5   250.5  -2550.5  -2500.5
TA_e_120           05 1 12 7 9 2 11 -1900.5   1.5   1.3   60.5   250.5  -2550.5  -2500.5
TA_e_121           05 1 12 7 10 2 00 -1900.5   1.5   1.3   60.5   250.5  -2550.5  -2500.5
TA_e_122           05 1 12 7 10 2 01 -1900.5   1.5   1.3   60.5   250.5  -2550.5  -2500.5
TA_e_123           05 1 12 7 10 2 02 -1950   1.5   1.3   60.5   250.5  -2550.5  -2500.5
TA_e_124           05 1 12 7 10 2 03 -1900.5   1.5   1.3   60.5   250.5  -2550.5  -2500.5
TA_e_125           05 1 12 7 10 2 04 -1900.5   1.5   1.3   60.5   250.5  -2550.5  -2500.5
TA_e_126           05 1 12 7 10 2 05 -1900.5   1.5   1.3   60.5   250.5  -2550.5  -2500.5
TA_e_127           05 1 12 7 10 2 06 -1900.5   1.5   1.3   60.5   250.5  -2550.5  -2500.5
TA_e_128           05 1 12 7 10 2 07 -1900.5   1.5   1.3   60.5   250.5  -2550.5  -2500.5
TA_e_129           05 1 12 7 10 2 08 -1900.5   1.5   1.3   60.5   250.5  -2550.5  -2500.5
TA_e_130           05 1 12 7 10 2 09 -1950   1.5   1.3   60.5   250.5  -2550.5  -2500.5
TA_e_131           05 1 12 7 10 2 10 -1900.5   1.5   1.3   60.5   250.5  -2550.5  -2500.5
TA_e_132           05 1 12 7 10 2 11 -1900.5   1.5   1.3   60.5   250.5  -2550.5  -2500.5
TA_e_133           05 1 12 7 11 2 00 -1950   1.5   1.3   60.5   250.5  -2550.5  -2500.5
TA_e_134           05 1 12 7 11 2 01 -1900.5   1.5   1.3   60.5   250.5  -2550.5  -2500.5
TA_e_135           05 1 12 7 11 2 02 -1900.5   1.5   1.3   60.5   250.5  -2550.5  -2500.5
TA_e_136           05 1 12 7 11 2 03 -1900.5   1.5   1.3   60.5   250.5  -2550.5  -2500.5
TA_e_137           05 1 12 7 11 2 04 -1900.5   1.5   1.3   60.5   250.5  -2550.5  -2500.5
TA_e_138           05 1 12 7 11 2 05 -2000   1.5   1.3   60.5   250.5  -2550.5  -2500.5
TA_e_139           05 1 12 7 11 2 06 -1900.5   1.5   1.3   60.5   250.5  -2550.5  -2500.5
TA_e_140           05 1 12 7 11 2 07 -1900.5   1.5   1.3   60.5   250.5  -2550.5  -2500.5
TA_e_141           05 1 12 7 11 2 08 -1900.5   1.5   1.3   60.5   250.5  -2550.5  -2500.5
TA_e_142           05 1 12 7 11 2 09 -1900.5   1.5   1.3   60.5   250.5  -2550.5  -2500.5
TA_e_143           05 1 12 7 11 2 10 -1900.5   1.5   1.3   60.5   250.5  -2550.5  -2500.5
TA_e_144           05 1 12 7 11 2 11 -1900.5   1.5   1.3   60.5   250.5  -2550.5  -2500.5
TA_e_145           05 1 12 7 12 2 00 -1900.5   1.5   1.3   60.5   250.5  -2550.5  -2500.5
TA_e_146           05 1 12 7 12 2 01 -1900.5   1.5   1.3   60.5   250.5  -2550.5  -2500.5
TA_e_147           05 1 12 7 12 2 02 -1900.5   1.5   1.3   60.5   250.5  -2550.5  -2500.5
TA_e_148           05 1 12 7 12 2 03 -1900.5   1.5   1.3   60.5   250.5  -2550.5  -2500.5
TA_e_149           05 1 12 7 12 2 04 -1900.5   1.5   1.3   60.5   250.5  -2550.5  -2500.5
TA_e_150           05 1 12 7 12 2 05 -1900.5   1.5   1.3   60.5   250.5  -2550.5  -2500.5
TA_e_151           05 1 12 7 12 2 06 -1900.5   1.5   1.3   60.5   250.5  -2550.5  -2500.5
TA_e_152           05 1 12 7 12 2 07 -1900.5   1.5   1.3   60.5   250.5  -2550.5  -2500.5
TA_e_153           05 1 12 7 12 2 08 -1900.5   1.5   1.3   60.5   250.5  -2550.5  -2500.5
TA_e_154           05 1 12 7 12 2 09 -1900.5   1.5   1.3   60.5   250.5  -2550.5  -2500.5
TA_e_155           05 1 12 7 12 2 10 -1900.5   1.5   1.3   60.5   250.5  -2550.5  -2500.5
TA_e_156           05 1 12 7 12 2 11 -1900.5   1.5   1.3   60.5   250.5  -2550.5  -2500.5
TA_e_157           05 1 12 7 13 2 00 -1900.5   1.5   1.3   60.5   250.5  -2550.5  -2500.5
TA_e_158           05 1 12 7 13 2 01 -1900.5   1.5   1.3   60.5   250.5  -2550.5  -2500.5
TA_e_159           05 1 12 7 13 2 02 -1900.5   1.5   1.3   60.5   250.5  -2550.5  -2500.5
TA_e_160           05 1 12 7 13 2 03 -1900.5   1.5   1.3   60.5   250.5  -2550.5  -2500.5
TA_e_161           05 1 12 7 13 2 04 -1900.5   1.5   1.3   60.5   250.5  -2550.5  -2500.5
TA_e_162           05 1 12 7 13 2 05 -1900.5   1.5   1.3   60.5   250.5  -2550.5  -2500.5
TA_e_163           05 1 12 7 13 2 06 -1900.5   1.5   1.3   60.5   250.5  -2550.5  -2500.5
TA_e_164           05 1 12 7 13 2 07 -1900.5   1.5   1.3   60.5   250.5  -2550.5  -2500.5
TA_e_165           05 1 12 7 13 2 08 -1900.5   1.5   1.3   60.5   250.5  -2550.5  -2500.5
TA_e_166           05 1 12 7 13 2 09 -1900.5   1.5   1.3   60.5   250.5  -2550.5  -2500.5
TA_e_167           05 1 12 7 13 2 10 -1900.5   1.5   1.3   60.5   250.5  -2550.5  -2500.5
TA_e_168           05 1 12 7 13 2 11 -1900.5   1.5   1.3   60.5   250.5  -2550.5  -2500.5
TA_e_169           05 1 12 7 14 2 00 -1900.5   1.5   1.3   60.5   250.5  -2550.5  -2500.5
TA_e_170           05 1 12 7 14 2 01 -1900.5   1.5   1.3   60.5   250.5  -2550.5  -2500.5
TA_e_171           05 1 12 7 14 2 02 -1900.5   1.5   1.3   60.5   250.5  -2550.5  -2500.5
TA_e_172           05 1 12 7 14 2 03 -1900.5   1.5   1.3   60.5   250.5  -2550.5  -2500.5
TA_e_173           05 1 12 7 14 2 04 -1900.5   1.5   1.3   60.5   250.5  -2550.5  -2500.5
TA_e_174           05 1 12 7 14 2 05 -1900.5   1.5   1.3   60.5   250.5  -2550.5  -2500.5
TA_e_175           05 1 12 7 14 2 06 -1900.5   1.5   1.3   60.5   250.5  -2550.5  -2500.5
TA_e_176           05 1 12 7 14 2 07 -1900.5   1.5   1.3   60.5   250.5  -2550.5  -2500.5
TA_e_177           05 1 12 7 14 2 08 -1900.5   1.5   1.3   60.5   250.5  -2550.5  -2500.5
TA_e_178           05 1 12 7 14 2 09 -1900.5   1.5   1.3   60.5   250.5  -2550.5  -2500.5
TA_e_179           05 1 12 7 14 2 10 -1900.5   1.5   1.3   60.5   250.5  -2550.5  -2500.5
TA_e_180           05 1 12 7 14 2 11 -1900.5   1.5   1.3   60.5   250.5  -2550.5  -2500.5
TA_e_181           05 1 12 7 15 2 00 -1900.5   1.5   1.3   60.5   250.5  -2550.5  -2500.5
TA_e_182           05 1 12 7 15 2 01 -1950   1.5   1.3   60.5   250.5  -2550.5  -2500.5
TA_e_183           05 1 12 7 15 2 02 -1900.5   1.5   1.3   60.5   250.5  -2550.5  -2500.5
TA_e_184           05 1 12 7 15 2 03 -1900.5   1.5   1.3   60.5   250.5  -2550.5  -2500.5
TA_e_185           05 1 12 7 15 2 04 -1900.5   1.5   1.3   60.5   250.5  -2550.5  -2500.5
TA_e_186           05 1 12 7 15 2 05 -1900.5   1.5   1.3   60.5   250.5  -2550.5  -2500.5
TA_e_187           05 1 12 7 15 2 06 -1900.5   1.5   1.3   60.5   250.5  -2550.5  -2500.5
TA_e_188           05 1 12 7 15 2 07 -1900.5   1.5   1.3   60.5   250.5  -2550.5  -2500.5
TA_e_189           05 1 12 7 15 2 08 -1900.5   1.5   1.3   60.5   250.5  -2550.5  -2500.5
TA_e_190           05 1 12 7 15 2 09 -1900.5   1.5   1.3   60.5   250.5  -2550.5  -2500.5
TA_e_191           05 1 12 7 15 2 10 -1900.5   1.5   1.3   60.5   250.5  -2550.5  -2500.5
TA_e_192           05 1 12 7 15 2 11 -1900.5   1.5   1.3   60.5   250.5  -2550.5  -2500.5
TA_e_193           05 1 12 8 0 2 00 -1900.5   1.5   1.3   60.5   250.5  -2550.5  -2500.5
TA_e_194           05 1 12 8 0 2 01 -1900.5   1.5   1.3   60.5   250.5  -2550.5  -2500.5
TA_e_195           05 1 12 8 0 2 02 -1900.5   1.5   1.3   60.5   250.5  -2550.5  -2500.5
TA_e_196           05 1 12 8 0 2 03 -1900.5   1.5   1.3   60.5   250.5  -2550.5  -2500.5
TA_e_197           05 1 12 8 0 2 04 -1950   1.5   1.3   60.5   250.5  -2550.5  -2500.5
TA_e_198           05 1 12 8 0 2 05 -1900.5   1.5   1.3   60.5   250.5  -2550.5  -2500.5
TA_e_199           05 1 12 8 0 2 06 -1900.5   1.5   1.3   60.5   250.5  -2550.5  -2500.5
TA_e_200           05 1 12 8 0 2 07 -1950   1.5   1.3   60.5   250.5  -2550.5  -2500.5
TA_e_201           05 1 12 8 0 2 08 -1900.5   1.5   1.3   60.5   250.5  -2550.5  -2500.5
TA_e_202           05 1 12 8 0 2 09 -1900.5   1.5   1.3   60.5   250.5  -2550.5  -2500.5
TA_e_203           05 1 12 8 0 2 10 -1900.5   1.5   1.3   60.5   250.5  -2550.5  -2500.5
TA_e_204           05 1 12 8 0 2 11 -1900.5   1.5   1.3   60.5   250.5  -2550.5  -2500.5
TA_e_205           05 1 12 8 1 2 00 -1900.5   1.5   1.3   60.5   250.5  -2550.5  -2500.5
TA_e_206           05 1 12 8 1 2 01 -1900.5   1.5   1.3   60.5   250.5  -2550.5  -2500.5
TA_e_207           05 1 12 8 1 2 02 -1900.5   1.5   1.3   60.5   250.5  -2550.5  -2500.5
TA_e_208           05 1 12 8 1 2 03 -1900.5   1.5   1.3   60.5   250.5  -2550.5  -2500.5
TA_e_209           05 1 12 8 1 2 04 -1950   1.5   1.3   60.5   250.5  -2550.5  -2500.5
TA_e_210           05 1 12 8 1 2 05 -1950   1.5   1.3   60.5   250.5  -2550.5  -2500.5
TA_e_211           05 1 12 8 1 2 06 -1900.5   1.5   1.3   60.5   250.5  -2550.5  -2500.5
TA_e_212           05 1 12 8 1 2 07 -1900.5   1.5   1.3   60.5   250.5  -2550.5  -2500.5
TA_e_213           05 1 12 8 1 2 08 -1900.5   1.5   1.3   60.5   250.5  -2550.5  -2500.5
TA_e_214           05 1 12 8 1 2 09 -1900.5   1.5   1.3   60.5   250.5  -2550.5  -2500.5
TA_e_215           05 1 12 8 1 2 10 -1900.5   1.5   1.3   60.5   250.5  -2550.5  -2500.5
TA_e_216           05 1 12 8 1 2 11 -1900.5   1.5   1.3   60.5   250.5  -2550.5  -2500.5
TA_e_217           05 1 12 8 2 2 00 -1900.5   1.5   1.3   60.5   250.5  -2550.5  -2500.5
TA_e_218           05 1 12 8 2 2 01 -1900.5   1.5   1.3   60.5   250.5  -2550.5  -2500.5
TA_e_219           05 1 12 8 2 2 02 -1900.5   1.5   1.3   60.5   250.5  -2550.5  -2500.5
TA_e_220           05 1 12 8 2 2 03 -1900.5   1.5   1.3   60.5   250.5  -2550.5  -2500.5
TA_e_221           05 1 12 8 2 2 04 -1900.5   1.5   1.3   60.5   250.5  -2550.5  -2500.5
TA_e_222           05 1 12 8 2 2 05 -1900.5   1.5   1.3   60.5   250.5  -2550.5  -2500.5
TA_e_223           05 1 12 8 2 2 06 -1900.5   1.5   1.3   60.5   250.5  -2550.5  -2500.5
TA_e_224           05 1 12 8 2 2 07 -1900.5   1.5   1.3   60.5   250.5  -2550.5  -2500.5
TA_e_225           05 1 12 8 2 2 08 -1950   1.5   1.3   60.5   250.5  -2550.5  -2500.5
TA_e_226           05 1 12 8 2 2 09 -1900.5   1.5   1.3   60.5   250.5  -2550.5  -2500.5
TA_e_227           05 1 12 8 2 2 10 -1950   1.5   1.3   60.5   250.5  -2550.5  -2500.5
TA_e_228           05 1 12 8 2 2 11 -1900.5   1.5   1.3   60.5   250.5  -2550.5  -2500.5
TA_e_229           05 1 12 8 3 2 00 -1900.5   1.5   1.3   60.5   250.5  -2550.5  -2500.5
TA_e_230           05 1 12 8 3 2 01 -1900.5   1.5   1.3   60.5   250.5  -2550.5  -2500.5
TA_e_231           05 1 12 8 3 2 02 -1950   1.5   1.3   60.5   250.5  -2550.5  -2500.5
TA_e_232           05 1 12 8 3 2 03 -1900.5   1.5   1.3   60.5   250.5  -2550.5  -2500.5
TA_e_233           05 1 12 8 3 2 04 -1900.5   1.5   1.3   60.5   250.5  -2550.5  -2500.5
TA_e_234           05 1 12 8 3 2 05 -1900.5   1.5   1.3   60.5   250.5  -2550.5  -2500.5
TA_e_235           05 1 12 8 3 2 06 -1900.5   1.5   1.3   60.5   250.5  -2550.5  -2500.5
TA_e_236           05 1 12 8 3 2 07 -1900.5   1.5   1.3   60.5   250.5  -2550.5  -2500.5
TA_e_237           05 1 12 8 3 2 08 -1900.5   1.5   1.3   60.5   250.5  -2550.5  -2500.5
TA_e_238           05 1 12 8 3 2 09 -1900.5   1.5   1.3   60.5   250.5  -2550.5  -2500.5
TA_e_239           05 1 12 8 3 2 10 -1900.5   1.5   1.3   60.5   250.5  -2550.5  -2500.5
TA_e_240           05 1 12 8 3 2 11 -1900.5   1.5   1.3   60.5   250.5  -2550.5  -2500.5
TA_e_241           05 1 12 8 4 2 00 -2000   1.5   1.3   60.5   250.5  -2550.5  -2500.5
TA_e_242           05 1 12 8 4 2 01 -1900.5   1.5   1.3   60.5   250.5  -2550.5  -2500.5
TA_e_243           05 1 12 8 4 2 02 -1900.5   1.5   1.3   60.5   250.5  -2550.5  -2500.5
TA_e_244           05 1 12 8 4 2 03 -1900.5   1.5   1.3   60.5   250.5  -2550.5  -2500.5
TA_e_245           05 1 12 8 4 2 04 -1900.5   1.5   1.3   60.5   250.5  -2550.5  -2500.5
TA_e_246           05 1 12 8 4 2 05 -1900.5   1.5   1.3   60.5   250.5  -2550.5  -2500.5
TA_e_247           05 1 12 8 4 2 06 -1900.5   1.5   1.3   60.5   250.5  -2550.5  -2500.5
TA_e_248           05 1 12 8 4 2 07 -1900.5   1.5   1.3   60.5   250.5  -2550.5  -2500.5
TA_e_249           05 1 12 8 4 2 08 -1900.5   1.5   1.3   60.5   250.5  -2550.5  -2500.5
TA_e_250           05 1 12 8 4 2 09 -1900.5   1.5   1.3   60.5   250.5  -2550.5  -2500.5
TA_e_251           05 1 12 8 4 2 10 -1900.5   1.5   1.3   60.5   250.5  -2550.5  -2500.5
TA_e_252           05 1 12 8 4 2 11 -1900.5   1.5   1.3   60.5   250.5  -2550.5  -2500.5
TA_e_253           05 1 12 8 5 2 00 -1900.5   1.5   1.3   60.5   250.5  -2550.5  -2500.5
TA_e_254           05 1 12 8 5 2 01 -1900.5   1.5   1.3   60.5   250.5  -2550.5  -2500.5
TA_e_255           05 1 12 8 5 2 02 -1900.5   1.5   1.3   60.5   250.5  -2550.5  -2500.5
TA_e_256           05 1 12 8 5 2 03 -1900.5   1.5   1.3   60.5   250.5  -2550.5  -2500.5
TA_e_257           05 1 12 8 5 2 04 -2000   1.5   1.3   60.5   250.5  -2550.5  -2500.5
TA_e_258           05 1 12 8 5 2 05 -1900.5   1.5   1.3   60.5   250.5  -2550.5  -2500.5
TA_e_259           05 1 12 8 5 2 06 -1950   1.5   1.3   60.5   250.5  -2550.5  -2500.5
TA_e_260           05 1 12 8 5 2 07 -1900.5   1.5   1.3   60.5   250.5  -2550.5  -2500.5
TA_e_261           05 1 12 8 5 2 08 -1900.5   1.5   1.3   60.5   250.5  -2550.5  -2500.5
TA_e_262           05 1 12 8 5 2 09 -1900.5   1.5   1.3   60.5   250.5  -2550.5  -2500.5
TA_e_263           05 1 12 8 5 2 10 -1900.5   1.5   1.3   60.5   250.5  -2550.5  -2500.5
TA_e_264           05 1 12 8 5 2 11 -1900.5   1.5   1.3   60.5   250.5  -2550.5  -2500.5
TA_e_265           05 1 12 8 6 2 00 -1900.5   1.5   1.3   60.5   250.5  -2550.5  -2500.5
TA_e_266           05 1 12 8 6 2 01 -1900.5   1.5   1.3   60.5   250.5  -2550.5  -2500.5
TA_e_267           05 1 12 8 6 2 02 -1900.5   1.5   1.3   60.5   250.5  -2550.5  -2500.5
TA_e_268           05 1 12 8 6 2 03 -1900.5   1.5   1.3   60.5   250.5  -2550.5  -2500.5
TA_e_269           05 1 12 8 6 2 04 -1900.5   1.5   1.3   60.5   250.5  -2550.5  -2500.5
TA_e_270           05 1 12 8 6 2 05 -1900.5   1.5   1.3   60.5   250.5  -2550.5  -2500.5
TA_e_271           05 1 12 8 6 2 06 -1900.5   1.5   1.3   60.5   250.5  -2550.5  -2500.5
TA_e_272           05 1 12 8 6 2 07 -1950   1.5   1.3   60.5   250.5  -2550.5  -2500.5
TA_e_273           05 1 12 8 6 2 08 -1900.5   1.5   1.3   60.5   250.5  -2550.5  -2500.5
TA_e_274           05 1 12 8 6 2 09 -1900.5   1.5   1.3   60.5   250.5  -2550.5  -2500.5
TA_e_275           05 1 12 8 6 2 10 -1900.5   1.5   1.3   60.5   250.5  -2550.5  -2500.5
TA_e_276           05 1 12 8 6 2 11 -1900.5   1.5   1.3   60.5   250.5  -2550.5  -2500.5
TA_e_277           05 1 12 8 7 2 00 -1900.5   1.5   1.3   60.5   250.5  -2550.5  -2500.5
TA_e_278           05 1 12 8 7 2 01 -1900.5   1.5   1.3   60.5   250.5  -2550.5  -2500.5
TA_e_279           05 1 12 8 7 2 02 -1900.5   1.5   1.3   60.5   250.5  -2550.5  -2500.5
TA_e_280           05 1 12 8 7 2 03 -1900.5   1.5   1.3   60.5   250.5  -2550.5  -2500.5
TA_e_281           05 1 12 8 7 2 04 -1900.5   1.5   1.3   60.5   250.5  -2550.5  -2500.5
TA_e_282           05 1 12 8 7 2 05 -1900.5   1.5   1.3   60.5   250.5  -2550.5  -2500.5
TA_e_283           05 1 12 8 7 2 06 -1900.5   1.5   1.3   60.5   250.5  -2550.5  -2500.5
TA_e_284           05 1 12 8 7 2 07 -1900.5   1.5   1.3   60.5   250.5  -2550.5  -2500.5
TA_e_285           05 1 12 8 7 2 08 -1900.5   1.5   1.3   60.5   250.5  -2550.5  -2500.5
TA_e_286           05 1 12 8 7 2 09 -1900.5   1.5   1.3   60.5   250.5  -2550.5  -2500.5
TA_e_287           05 1 12 8 7 2 10 -1950   1.5   1.3   60.5   250.5  -2550.5  -2500.5
TA_e_288           05 1 12 8 7 2 11 -1900.5   1.5   1.3   60.5   250.5  -2550.5  -2500.5
TA_e_289           06 1 12 8 8 2 00 -1950   1.5   1.3   60.5   250.5  -2550.5  -2500.5
TA_e_290           06 1 12 8 8 2 01 -1900.5   1.5   1.3   60.5   250.5  -2550.5  -2500.5
TA_e_291           06 1 12 8 8 2 02 -1900.5   1.5   1.3   60.5   250.5  -2550.5  -2500.5
TA_e_292           06 1 12 8 8 2 03 -1900.5   1.5   1.3   60.5   250.5  -2550.5  -2500.5
TA_e_293           06 1 12 8 8 2 04 -1900.5   1.5   1.3   60.5   250.5  -2550.5  -2500.5
TA_e_294           06 1 12 8 8 2 05 -1900.5   1.5   1.3   60.5   250.5  -2550.5  -2500.5
TA_e_295           06 1 12 8 8 2 06 -1900.5   1.5   1.3   60.5   250.5  -2550.5  -2500.5
TA_e_296           06 1 12 8 8 2 07 -1900.5   1.5   1.3   60.5   250.5  -2550.5  -2500.5
TA_e_297           06 1 12 8 8 2 08 -1900.5   1.5   1.3   60.5   250.5  -2550.5  -2500.5
TA_e_298           06 1 12 8 8 2 09 -1900.5   1.5   1.3   60.5   250.5  -2550.5  -2500.5
TA_e_299           06 1 12 8 8 2 10 -1900.5   1.5   1.3   60.5   250.5  -2550.5  -2500.5
TA_e_300           06 1 12 8 8 2 11 -1900.5   1.5   1.3   60.5   250.5  -2550.5  -2500.5
TA_e_301           06 1 12 8 9 2 00 -1900.5   1.5   1.3   60.5   250.5  -2550.5  -2500.5
TA_e_302           06 1 12 8 9 2 01 -1900.5   1.5   1.3   60.5   250.5  -2550.5  -2500.5
TA_e_303           06 1 12 8 9 2 02 -1900.5   1.5   1.3   60.5   250.5  -2550.5  -2500.5
TA_e_304           06 1 12 8 9 2 03 -1900.5   1.5   1.3   60.5   250.5  -2550.5  -2500.5
TA_e_305           06 1 12 8 9 2 04 -1900.5   1.5   1.3   60.5   250.5  -2550.5  -2500.5
TA_e_306           06 1 12 8 9 2 05 -1900.5   1.5   1.3   60.5   250.5  -2550.5  -2500.5
TA_e_307           06 1 12 8 9 2 06 -1900.5   1.5   1.3   60.5   250.5  -2550.5  -2500.5
TA_e_308           06 1 12 8 9 2 07 -1900.5   1.5   1.3   60.5   250.5  -2550.5  -2500.5
TA_e_309           06 1 12 8 9 2 08 -1900.5   1.5   1.3   60.5   250.5  -2550.5  -2500.5
TA_e_310           06 1 12 8 9 2 09 -1900.5   1.5   1.3   60.5   250.5  -2550.5  -2500.5
TA_e_311           06 1 12 8 9 2 10 -1950   1.5   1.3   60.5   250.5  -2550.5  -2500.5
TA_e_312           06 1 12 8 9 2 11 -1900.5   1.5   1.3   60.5   250.5  -2550.5  -2500.5
TA_e_313           06 1 12 8 10 2 00 -1900.5   1.5   1.3   60.5   250.5  -2550.5  -2500.5
TA_e_314           06 1 12 8 10 2 01 -1900.5   1.5   1.3   60.5   250.5  -2550.5  -2500.5
TA_e_315           06 1 12 8 10 2 02 -1900.5   1.5   1.3   60.5   250.5  -2550.5  -2500.5
TA_e_316           06 1 12 8 10 2 03 -1900.5   1.5   1.3   60.5   250.5  -2550.5  -2500.5
TA_e_317           06 1 12 8 10 2 04 -1900.5   1.5   1.3   60.5   250.5  -2550.5  -2500.5
TA_e_318           06 1 12 8 10 2 05 -1900.5   1.5   1.3   60.5   250.5  -2550.5  -2500.5
TA_e_319           06 1 12 8 10 2 06 -1900.5   1.5   1.3   60.5   250.5  -2550.5  -2500.5
TA_e_320           06 1 12 8 10 2 07 -1900.5   1.5   1.3   60.5   250.5  -2550.5  -2500.5
TA_e_321           06 1 12 8 10 2 08 -1950   1.5   1.3   60.5   250.5  -2550.5  -2500.5
TA_e_322           06 1 12 8 10 2 09 -1900.5   1.5   1.3   60.5   250.5  -2550.5  -2500.5
TA_e_323           06 1 12 8 10 2 10 -1900.5   1.5   1.3   60.5   250.5  -2550.5  -2500.5
TA_e_324           06 1 12 8 10 2 11 -1900.5   1.5   1.3   60.5   250.5  -2550.5  -2500.5
TA_e_325           06 1 12 8 11 2 00 -1900.5   1.5   1.3   60.5   250.5  -2550.5  -2500.5
TA_e_326           06 1 12 8 11 2 01 -1900.5   1.5   1.3   60.5   250.5  -2550.5  -2500.5
TA_e_327           06 1 12 8 11 2 02 -1900.5   1.5   1.3   60.5   250.5  -2550.5  -2500.5
TA_e_328           06 1 12 8 11 2 03 -1900.5   1.5   1.3   60.5   250.5  -2550.5  -2500.5
TA_e_329           06 1 12 8 11 2 04 -1900.5   1.5   1.3   60.5   250.5  -2550.5  -2500.5
TA_e_330           06 1 12 8 11 2 05 -1900.5   1.5   1.3   60.5   250.5  -2550.5  -2500.5
TA_e_331           06 1 12 8 11 2 06 -1900.5   1.5   1.3   60.5   250.5  -2550.5  -2500.5
TA_e_332           06 1 12 8 11 2 07 -1900.5   1.5   1.3   60.5   250.5  -2550.5  -2500.5
TA_e_333           06 1 12 8 11 2 08 -1900.5   1.5   1.3   60.5   250.5  -2550.5  -2500.5
TA_e_334           06 1 12 8 11 2 09 -1900.5   1.5   1.3   60.5   250.5  -2550.5  -2500.5
TA_e_335           06 1 12 8 11 2 10 -1900.5   1.5   1.3   60.5   250.5  -2550.5  -2500.5
TA_e_336           06 1 12 8 11 2 11 -1900.5   1.5   1.3   60.5   250.5  -2550.5  -2500.5
TA_e_337           06 1 12 8 12 2 00 -2000   1.5   1.3   60.5   250.5  -2550.5  -2500.5
TA_e_338           06 1 12 8 12 2 01 -2000   1.5   1.3   60.5   250.5  -2550.5  -2500.5
TA_e_339           06 1 12 8 12 2 02 -1900.5   1.5   1.3   60.5   250.5  -2550.5  -2500.5
TA_e_340           06 1 12 8 12 2 03 -1900.5   1.5   1.3   60.5   250.5  -2550.5  -2500.5
TA_e_341           06 1 12 8 12 2 04 -1900.5   1.5   1.3   60.5   250.5  -2550.5  -2500.5
TA_e_342           06 1 12 8 12 2 05 -1900.5   1.5   1.3   60.5   250.5  -2550.5  -2500.5
TA_e_343           06 1 12 8 12 2 06 -1900.5   1.5   1.3   60.5   250.5  -2550.5  -2500.5
TA_e_344           06 1 12 8 12 2 07 -1900.5   1.5   1.3   60.5   250.5  -2550.5  -2500.5
TA_e_345           06 1 12 8 12 2 08 -1900.5   1.5   1.3   60.5   250.5  -2550.5  -2500.5
TA_e_346           06 1 12 8 12 2 09 -1900.5   1.5   1.3   60.5   250.5  -2550.5  -2500.5
TA_e_347           06 1 12 8 12 2 10 -1900.5   1.5   1.3   60.5   250.5  -2550.5  -2500.5
TA_e_348           06 1 12 8 12 2 11 -1900.5   1.5   1.3   60.5   250.5  -2550.5  -2500.5
TA_e_349           06 1 12 8 13 2 00 -1900.5   1.5   1.3   60.5   250.5  -2550.5  -2500.5
TA_e_350           06 1 12 8 13 2 01 -1900.5   1.5   1.3   60.5   250.5  -2550.5  -2500.5
TA_e_351           06 1 12 8 13 2 02 -1900.5   1.5   1.3   60.5   250.5  -2550.5  -2500.5
TA_e_352           06 1 12 8 13 2 03 -1900.5   1.5   1.3   60.5   250.5  -2550.5  -2500.5
TA_e_353           06 1 12 8 13 2 04 -1900.5   1.5   1.3   60.5   250.5  -2550.5  -2500.5
TA_e_354           06 1 12 8 13 2 05 -1900.5   1.5   1.3   60.5   250.5  -2550.5  -2500.5
TA_e_355           06 1 12 8 13 2 06 -1900.5   1.5   1.3   60.5   250.5  -2550.5  -2500.5
TA_e_356           06 1 12 8 13 2 07 -1900.5   1.5   1.3   60.5   250.5  -2550.5  -2500.5
TA_e_357           06 1 12 8 13 2 08 -1900.5   1.5   1.3   60.5   250.5  -2550.5  -2500.5
TA_e_358           06 1 12 8 13 2 09 -1900.5   1.5   1.3   60.5   250.5  -2550.5  -2500.5
TA_e_359           06 1 12 8 13 2 10 -1900.5   1.5   1.3   60.5   250.5  -2550.5  -2500.5
TA_e_360           06 1 12 8 13 2 11 -1900.5   1.5   1.3   60.5   250.5  -2550.5  -2500.5
TA_e_361           06 1 12 8 14 2 00 -1900.5   1.5   1.3   60.5   250.5  -2550.5  -2500.5
TA_e_362           06 1 12 8 14 2 01 -1900.5   1.5   1.3   60.5   250.5  -2550.5  -2500.5
TA_e_363           06 1 12 8 14 2 02 -1900.5   1.5   1.3   60.5   250.5  -2550.5  -2500.5
TA_e_364           06 1 12 8 14 2 03 -1900.5   1.5   1.3   60.5   250.5  -2550.5  -2500.5
TA_e_365           06 1 12 8 14 2 04 -1900.5   1.5   1.3   60.5   250.5  -2550.5  -2500.5
TA_e_366           06 1 12 8 14 2 05 -1900.5   1.5   1.3   60.5   250.5  -2550.5  -2500.5
TA_e_367           06 1 12 8 14 2 06 -1900.5   1.5   1.3   60.5   250.5  -2550.5  -2500.5
TA_e_368           06 1 12 8 14 2 07 -1900.5   1.5   1.3   60.5   250.5  -2550.5  -2500.5
TA_e_369           06 1 12 8 14 2 08 -1900.5   1.5   1.3   60.5   250.5  -2550.5  -2500.5
TA_e_370           06 1 12 8 14 2 09 -1950   1.5   1.3   60.5   250.5  -2550.5  -2500.5
TA_e_371           06 1 12 8 14 2 10 -1900.5   1.5   1.3   60.5   250.5  -2550.5  -2500.5
TA_e_372           06 1 12 8 14 2 11 -1900.5   1.5   1.3   60.5   250.5  -2550.5  -2500.5
TA_e_373           06 1 12 8 15 2 00 -1900.5   1.5   1.3   60.5   250.5  -2550.5  -2500.5
TA_e_374           06 1 12 8 15 2 01 -1900.5   1.5   1.3   60.5   250.5  -2550.5  -2500.5
TA_e_375           06 1 12 8 15 2 02 -1900.5   1.5   1.3   60.5   250.5  -2550.5  -2500.5
TA_e_376           06 1 12 8 15 2 03 -2000   1.5   1.3   60.5   250.5  -2550.5  -2500.5
TA_e_377           06 1 12 8 15 2 04 -1900.5   1.5   1.3   60.5   250.5  -2550.5  -2500.5
TA_e_378           06 1 12 8 15 2 05 -1900.5   1.5   1.3   60.5   250.5  -2550.5  -2500.5
TA_e_379           06 1 12 8 15 2 06 -1900.5   1.5   1.3   60.5   250.5  -2550.5  -2500.5
TA_e_380           06 1 12 8 15 2 07 -1900.5   1.5   1.3   60.5   250.5  -2550.5  -2500.5
TA_e_381           06 1 12 8 15 2 08 -1900.5   1.5   1.3   60.5   250.5  -2550.5  -2500.5
TA_e_382           06 1 12 8 15 2 09 -1900.5   1.5   1.3   60.5   250.5  -2550.5  -2500.5
TA_e_383           06 1 12 8 15 2 10 -1950   1.5   1.3   60.5   250.5  -2550.5  -2500.5
TA_e_384           06 1 12 8 15 2 11 -1900.5   1.5   1.3   60.5   250.5  -2550.5  -2500.5
