TA_e_1             1 1 12 7 0 2 00 -1900.5   1.5   1.3   60.5   250.5  -2550.5  -2500.5
TA_e_2             1 1 12 7 0 2 01 -1900.5   1.5   1.3   60.5   250.5  -2550.5  -2500.5
TA_e_3             1 1 12 7 0 2 02 -1900.5   1.5   1.3   60.5   250.5  -2550.5  -2500.5
TA_e_4             1 1 12 7 0 2 03 -1900.5   1.5   1.3   60.5   250.5  -2550.5  -2500.5
TA_e_5             1 1 12 7 0 2 04 -1900.5   1.5   1.3   60.5   250.5  -2550.5  -2500.5
TA_e_6             1 1 12 7 0 2 05 -1900.5   1.5   1.3   60.5   250.5  -2550.5  -2500.5
TA_e_7             1 1 12 7 0 2 06 -1900.5   1.5   1.3   60.5   250.5  -2550.5  -2500.5
TA_e_8             1 1 12 7 0 2 07 -1900.5   1.5   1.3   60.5   250.5  -2550.5  -2500.5
TA_e_9             1 1 12 7 0 2 08 -1900.5   1.5   1.3   60.5   250.5  -2550.5  -2500.5
TA_e_10            1 1 12 7 0 2 09 -1900.5   1.5   1.3   60.5   250.5  -2550.5  -2500.5
TA_e_11            1 1 12 7 0 2 10 -1900.5   1.5   1.3   60.5   250.5  -2550.5  -2500.5
TA_e_12            1 1 12 7 0 2 11 -1900.5   1.5   1.3   60.5   250.5  -2550.5  -2500.5
TA_e_13            1 1 12 7 1 2 00 -1900.5   1.5   1.3   60.5   250.5  -2550.5  -2500.5
TA_e_14            1 1 12 7 1 2 01 -1900.5   1.5   1.3   60.5   250.5  -2550.5  -2500.5
TA_e_15            1 1 12 7 1 2 02 -1900.5   1.5   1.3   60.5   250.5  -2550.5  -2500.5
TA_e_16            1 1 12 7 1 2 03 -1900.5   1.5   1.3   60.5   250.5  -2550.5  -2500.5
TA_e_17            1 1 12 7 1 2 04 -1900.5   1.5   1.3   60.5   250.5  -2550.5  -2500.5
TA_e_18            1 1 12 7 1 2 05 -1900.5   1.5   1.3   60.5   250.5  -2550.5  -2500.5
TA_e_19            1 1 12 7 1 2 06 -1900.5   1.5   1.3   60.5   250.5  -2550.5  -2500.5
TA_e_20            1 1 12 7 1 2 07 -1900.5   1.5   1.3   60.5   250.5  -2550.5  -2500.5
TA_e_21            1 1 12 7 1 2 08 -1900.5   1.5   1.3   60.5   250.5  -2550.5  -2500.5
TA_e_22            1 1 12 7 1 2 09 -1900.5   1.5   1.3   60.5   250.5  -2550.5  -2500.5
TA_e_23            1 1 12 7 1 2 10 -1900.5   1.5   1.3   60.5   250.5  -2550.5  -2500.5
TA_e_24            1 1 12 7 1 2 11 -1900.5   1.5   1.3   60.5   250.5  -2550.5  -2500.5
TA_e_25            2 1 12 7 2 2 00 -1900.5   1.5   1.3   60.5   250.5  -2550.5  -2500.5
TA_e_26            2 1 12 7 2 2 01 -1900.5   1.5   1.3   60.5   250.5  -2550.5  -2500.5
TA_e_27            2 1 12 7 2 2 02 -1900.5   1.5   1.3   60.5   250.5  -2550.5  -2500.5
TA_e_28            2 1 12 7 2 2 03 -1900.5   1.5   1.3   60.5   250.5  -2550.5  -2500.5
TA_e_29            2 1 12 7 2 2 04 -1900.5   1.5   1.3   60.5   250.5  -2550.5  -2500.5
TA_e_30            2 1 12 7 2 2 05 -1900.5   1.5   1.3   60.5   250.5  -2550.5  -2500.5
TA_e_31            2 1 12 7 2 2 06 -1900.5   1.5   1.3   60.5   250.5  -2550.5  -2500.5
TA_e_32            2 1 12 7 2 2 07 -1900.5   1.5   1.3   60.5   250.5  -2550.5  -2500.5
TA_e_33            2 1 12 7 2 2 08 -1900.5   1.5   1.3   60.5   250.5  -2550.5  -2500.5
TA_e_34            2 1 12 7 2 2 09 -1900.5   1.5   1.3   60.5   250.5  -2550.5  -2500.5
TA_e_35            2 1 12 7 2 2 10 -1900.5   1.5   1.3   60.5   250.5  -2550.5  -2500.5
TA_e_36            2 1 12 7 2 2 11 -1900.5   1.5   1.3   60.5   250.5  -2550.5  -2500.5
TA_e_37            2 1 12 7 3 2 00 -1900.5   1.5   1.3   60.5   250.5  -2550.5  -2500.5
TA_e_38            2 1 12 7 3 2 01 -1900.5   1.5   1.3   60.5   250.5  -2550.5  -2500.5
TA_e_39            2 1 12 7 3 2 02 -1900.5   1.5   1.3   60.5   250.5  -2550.5  -2500.5
TA_e_40            2 1 12 7 3 2 03 -1900.5   1.5   1.3   60.5   250.5  -2550.5  -2500.5
TA_e_41            2 1 12 7 3 2 04 -1900.5   1.5   1.3   60.5   250.5  -2550.5  -2500.5
TA_e_42            2 1 12 7 3 2 05 -1900.5   1.5   1.3   60.5   250.5  -2550.5  -2500.5
TA_e_43            2 1 12 7 3 2 06 -1900.5   1.5   1.3   60.5   250.5  -2550.5  -2500.5
TA_e_44            2 1 12 7 3 2 07 -1900.5   1.5   1.3   60.5   250.5  -2550.5  -2500.5
TA_e_45            2 1 12 7 3 2 08 -1900.5   1.5   1.3   60.5   250.5  -2550.5  -2500.5
TA_e_46            2 1 12 7 3 2 09 -1900.5   1.5   1.3   60.5   250.5  -2550.5  -2500.5
TA_e_47            2 1 12 7 3 2 10 -1900.5   1.5   1.3   60.5   250.5  -2550.5  -2500.5
TA_e_48            2 1 12 7 3 2 11 -1900.5   1.5   1.3   60.5   250.5  -2550.5  -2500.5
TA_e_49            3 1 12 7 4 2 00 -1900.5   1.5   1.3   60.5   250.5  -2550.5  -2500.5
TA_e_50            3 1 12 7 4 2 01 -1900.5   1.5   1.3   60.5   250.5  -2550.5  -2500.5
TA_e_51            3 1 12 7 4 2 02 -1900.5   1.5   1.3   60.5   250.5  -2550.5  -2500.5
TA_e_52            3 1 12 7 4 2 03 -1900.5   1.5   1.3   60.5   250.5  -2550.5  -2500.5
TA_e_53            3 1 12 7 4 2 04 -1900.5   1.5   1.3   60.5   250.5  -2550.5  -2500.5
TA_e_54            3 1 12 7 4 2 05 -1900.5   1.5   1.3   60.5   250.5  -2550.5  -2500.5
TA_e_55            3 1 12 7 4 2 06 -1900.5   1.5   1.3   60.5   250.5  -2550.5  -2500.5
TA_e_56            3 1 12 7 4 2 07 -1900.5   1.5   1.3   60.5   250.5  -2550.5  -2500.5
TA_e_57            3 1 12 7 4 2 08 -1900.5   1.5   1.3   60.5   250.5  -2550.5  -2500.5
TA_e_58            3 1 12 7 4 2 09 -1900.5   1.5   1.3   60.5   250.5  -2550.5  -2500.5
TA_e_59            3 1 12 7 4 2 10 -1900.5   1.5   1.3   60.5   250.5  -2550.5  -2500.5
TA_e_60            3 1 12 7 4 2 11 -1900.5   1.5   1.3   60.5   250.5  -2550.5  -2500.5
TA_e_61            3 1 12 7 5 2 00 -1900.5   1.5   1.3   60.5   250.5  -2550.5  -2500.5
TA_e_62            3 1 12 7 5 2 01 -1900.5   1.5   1.3   60.5   250.5  -2550.5  -2500.5
TA_e_63            3 1 12 7 5 2 02 -1900.5   1.5   1.3   60.5   250.5  -2550.5  -2500.5
TA_e_64            3 1 12 7 5 2 03 -1900.5   1.5   1.3   60.5   250.5  -2550.5  -2500.5
TA_e_65            3 1 12 7 5 2 04 -1900.5   1.5   1.3   60.5   250.5  -2550.5  -2500.5
TA_e_66            3 1 12 7 5 2 05 -1900.5   1.5   1.3   60.5   250.5  -2550.5  -2500.5
TA_e_67            3 1 12 7 5 2 06 -1900.5   1.5   1.3   60.5   250.5  -2550.5  -2500.5
TA_e_68            3 1 12 7 5 2 07 -1900.5   1.5   1.3   60.5   250.5  -2550.5  -2500.5
TA_e_69            3 1 12 7 5 2 08 -1900.5   1.5   1.3   60.5   250.5  -2550.5  -2500.5
TA_e_70            3 1 12 7 5 2 09 -1900.5   1.5   1.3   60.5   250.5  -2550.5  -2500.5
TA_e_71            3 1 12 7 5 2 10 -1900.5   1.5   1.3   60.5   250.5  -2550.5  -2500.5
TA_e_72            3 1 12 7 5 2 11 -1900.5   1.5   1.3   60.5   250.5  -2550.5  -2500.5
TA_e_73            4 1 12 7 6 2 00 -1900.5   1.5   1.3   60.5   250.5  -2550.5  -2500.5
TA_e_74            4 1 12 7 6 2 01 -1900.5   1.5   1.3   60.5   250.5  -2550.5  -2500.5
TA_e_75            4 1 12 7 6 2 02 -1900.5   1.5   1.3   60.5   250.5  -2550.5  -2500.5
TA_e_76            4 1 12 7 6 2 03 -1900.5   1.5   1.3   60.5   250.5  -2550.5  -2500.5
TA_e_77            4 1 12 7 6 2 04 -1900.5   1.5   1.3   60.5   250.5  -2550.5  -2500.5
TA_e_78            4 1 12 7 6 2 05 -1900.5   1.5   1.3   60.5   250.5  -2550.5  -2500.5
TA_e_79            4 1 12 7 6 2 06 -1900.5   1.5   1.3   60.5   250.5  -2550.5  -2500.5
TA_e_80            4 1 12 7 6 2 07 -1900.5   1.5   1.3   60.5   250.5  -2550.5  -2500.5
TA_e_81            4 1 12 7 6 2 08 -1900.5   1.5   1.3   60.5   250.5  -2550.5  -2500.5
TA_e_82            4 1 12 7 6 2 09 -1900.5   1.5   1.3   60.5   250.5  -2550.5  -2500.5
TA_e_83            4 1 12 7 6 2 10 -1900.5   1.5   1.3   60.5   250.5  -2550.5  -2500.5
TA_e_84            4 1 12 7 6 2 11 -1900.5   1.5   1.3   60.5   250.5  -2550.5  -2500.5
TA_e_85            4 1 12 7 7 2 00 -1900.5   1.5   1.3   60.5   250.5  -2550.5  -2500.5
TA_e_86            4 1 12 7 7 2 01 -1900.5   1.5   1.3   60.5   250.5  -2550.5  -2500.5
TA_e_87            4 1 12 7 7 2 02 -1900.5   1.5   1.3   60.5   250.5  -2550.5  -2500.5
TA_e_88            4 1 12 7 7 2 03 -1900.5   1.5   1.3   60.5   250.5  -2550.5  -2500.5
TA_e_89            4 1 12 7 7 2 04 -1900.5   1.5   1.3   60.5   250.5  -2550.5  -2500.5
TA_e_90            4 1 12 7 7 2 05 -1900.5   1.5   1.3   60.5   250.5  -2550.5  -2500.5
TA_e_91            4 1 12 7 7 2 06 -1900.5   1.5   1.3   60.5   250.5  -2550.5  -2500.5
TA_e_92            4 1 12 7 7 2 07 -1900.5   1.5   1.3   60.5   250.5  -2550.5  -2500.5
TA_e_93            4 1 12 7 7 2 08 -1900.5   1.5   1.3   60.5   250.5  -2550.5  -2500.5
TA_e_94            4 1 12 7 7 2 09 -1900.5   1.5   1.3   60.5   250.5  -2550.5  -2500.5
TA_e_95            4 1 12 7 7 2 10 -1900.5   1.5   1.3   60.5   250.5  -2550.5  -2500.5
TA_e_96            4 1 12 7 7 2 11 -1900.5   1.5   1.3   60.5   250.5  -2550.5  -2500.5
TA_e_97            5 1 12 7 8 2 00 -1900.5   1.5   1.3   60.5   250.5  -2550.5  -2500.5
TA_e_98            5 1 12 7 8 2 01 -1900.5   1.5   1.3   60.5   250.5  -2550.5  -2500.5
TA_e_99            5 1 12 7 8 2 02 -1900.5   1.5   1.3   60.5   250.5  -2550.5  -2500.5
TA_e_100            5 1 12 7 8 2 03 -1900.5   1.5   1.3   60.5   250.5  -2550.5  -2500.5
TA_e_101            5 1 12 7 8 2 04 -1900.5   1.5   1.3   60.5   250.5  -2550.5  -2500.5
TA_e_102            5 1 12 7 8 2 05 -1900.5   1.5   1.3   60.5   250.5  -2550.5  -2500.5
TA_e_103            5 1 12 7 8 2 06 -1900.5   1.5   1.3   60.5   250.5  -2550.5  -2500.5
TA_e_104            5 1 12 7 8 2 07 -1900.5   1.5   1.3   60.5   250.5  -2550.5  -2500.5
TA_e_105            5 1 12 7 8 2 08 -1900.5   1.5   1.3   60.5   250.5  -2550.5  -2500.5
TA_e_106            5 1 12 7 8 2 09 -1900.5   1.5   1.3   60.5   250.5  -2550.5  -2500.5
TA_e_107            5 1 12 7 8 2 10 -1900.5   1.5   1.3   60.5   250.5  -2550.5  -2500.5
TA_e_108            5 1 12 7 8 2 11 -1900.5   1.5   1.3   60.5   250.5  -2550.5  -2500.5
TA_e_109            5 1 12 7 9 2 00 -1900.5   1.5   1.3   60.5   250.5  -2550.5  -2500.5
TA_e_110            5 1 12 7 9 2 01 -1900.5   1.5   1.3   60.5   250.5  -2550.5  -2500.5
TA_e_111            5 1 12 7 9 2 02 -1900.5   1.5   1.3   60.5   250.5  -2550.5  -2500.5
TA_e_112            5 1 12 7 9 2 03 -1900.5   1.5   1.3   60.5   250.5  -2550.5  -2500.5
TA_e_113            5 1 12 7 9 2 04 -1900.5   1.5   1.3   60.5   250.5  -2550.5  -2500.5
TA_e_114            5 1 12 7 9 2 05 -1900.5   1.5   1.3   60.5   250.5  -2550.5  -2500.5
TA_e_115            5 1 12 7 9 2 06 -1900.5   1.5   1.3   60.5   250.5  -2550.5  -2500.5
TA_e_116            5 1 12 7 9 2 07 -1900.5   1.5   1.3   60.5   250.5  -2550.5  -2500.5
TA_e_117            5 1 12 7 9 2 08 -1900.5   1.5   1.3   60.5   250.5  -2550.5  -2500.5
TA_e_118            5 1 12 7 9 2 09 -1900.5   1.5   1.3   60.5   250.5  -2550.5  -2500.5
TA_e_119            5 1 12 7 9 2 10 -1900.5   1.5   1.3   60.5   250.5  -2550.5  -2500.5
TA_e_120            5 1 12 7 9 2 11 -1900.5   1.5   1.3   60.5   250.5  -2550.5  -2500.5
TA_e_121            6 1 12 7 10 2 00 -1900.5   1.5   1.3   60.5   250.5  -2550.5  -2500.5
TA_e_122            6 1 12 7 10 2 01 -1900.5   1.5   1.3   60.5   250.5  -2550.5  -2500.5
TA_e_123            6 1 12 7 10 2 02 -1900.5   1.5   1.3   60.5   250.5  -2550.5  -2500.5
TA_e_124            6 1 12 7 10 2 03 -1900.5   1.5   1.3   60.5   250.5  -2550.5  -2500.5
TA_e_125            6 1 12 7 10 2 04 -1900.5   1.5   1.3   60.5   250.5  -2550.5  -2500.5
TA_e_126            6 1 12 7 10 2 05 -1900.5   1.5   1.3   60.5   250.5  -2550.5  -2500.5
TA_e_127            6 1 12 7 10 2 06 -1900.5   1.5   1.3   60.5   250.5  -2550.5  -2500.5
TA_e_128            6 1 12 7 10 2 07 -1900.5   1.5   1.3   60.5   250.5  -2550.5  -2500.5
TA_e_129            6 1 12 7 10 2 08 -1900.5   1.5   1.3   60.5   250.5  -2550.5  -2500.5
TA_e_130            6 1 12 7 10 2 09 -1900.5   1.5   1.3   60.5   250.5  -2550.5  -2500.5
TA_e_131            6 1 12 7 10 2 10 -1900.5   1.5   1.3   60.5   250.5  -2550.5  -2500.5
TA_e_132            6 1 12 7 10 2 11 -1900.5   1.5   1.3   60.5   250.5  -2550.5  -2500.5
TA_e_133            6 1 12 7 11 2 00 -1900.5   1.5   1.3   60.5   250.5  -2550.5  -2500.5
TA_e_134            6 1 12 7 11 2 01 -1900.5   1.5   1.3   60.5   250.5  -2550.5  -2500.5
TA_e_135            6 1 12 7 11 2 02 -1900.5   1.5   1.3   60.5   250.5  -2550.5  -2500.5
TA_e_136            6 1 12 7 11 2 03 -1900.5   1.5   1.3   60.5   250.5  -2550.5  -2500.5
TA_e_137            6 1 12 7 11 2 04 -1900.5   1.5   1.3   60.5   250.5  -2550.5  -2500.5
TA_e_138            6 1 12 7 11 2 05 -1900.5   1.5   1.3   60.5   250.5  -2550.5  -2500.5
TA_e_139            6 1 12 7 11 2 06 -1900.5   1.5   1.3   60.5   250.5  -2550.5  -2500.5
TA_e_140            6 1 12 7 11 2 07 -1900.5   1.5   1.3   60.5   250.5  -2550.5  -2500.5
TA_e_141            6 1 12 7 11 2 08 -1900.5   1.5   1.3   60.5   250.5  -2550.5  -2500.5
TA_e_142            6 1 12 7 11 2 09 -1900.5   1.5   1.3   60.5   250.5  -2550.5  -2500.5
TA_e_143            6 1 12 7 11 2 10 -1900.5   1.5   1.3   60.5   250.5  -2550.5  -2500.5
TA_e_144            6 1 12 7 11 2 11 -1900.5   1.5   1.3   60.5   250.5  -2550.5  -2500.5
TA_e_145            7 1 12 7 12 2 00 -1900.5   1.5   1.3   60.5   250.5  -2550.5  -2500.5
TA_e_146            7 1 12 7 12 2 01 -1900.5   1.5   1.3   60.5   250.5  -2550.5  -2500.5
TA_e_147            7 1 12 7 12 2 02 -1900.5   1.5   1.3   60.5   250.5  -2550.5  -2500.5
TA_e_148            7 1 12 7 12 2 03 -1900.5   1.5   1.3   60.5   250.5  -2550.5  -2500.5
TA_e_149            7 1 12 7 12 2 04 -1900.5   1.5   1.3   60.5   250.5  -2550.5  -2500.5
TA_e_150            7 1 12 7 12 2 05 -1900.5   1.5   1.3   60.5   250.5  -2550.5  -2500.5
TA_e_151            7 1 12 7 12 2 06 -1900.5   1.5   1.3   60.5   250.5  -2550.5  -2500.5
TA_e_152            7 1 12 7 12 2 07 -1900.5   1.5   1.3   60.5   250.5  -2550.5  -2500.5
TA_e_153            7 1 12 7 12 2 08 -1900.5   1.5   1.3   60.5   250.5  -2550.5  -2500.5
TA_e_154            7 1 12 7 12 2 09 -1900.5   1.5   1.3   60.5   250.5  -2550.5  -2500.5
TA_e_155            7 1 12 7 12 2 10 -1900.5   1.5   1.3   60.5   250.5  -2550.5  -2500.5
TA_e_156            7 1 12 7 12 2 11 -1900.5   1.5   1.3   60.5   250.5  -2550.5  -2500.5
TA_e_157            7 1 12 7 13 2 00 -1900.5   1.5   1.3   60.5   250.5  -2550.5  -2500.5
TA_e_158            7 1 12 7 13 2 01 -1900.5   1.5   1.3   60.5   250.5  -2550.5  -2500.5
TA_e_159            7 1 12 7 13 2 02 -1900.5   1.5   1.3   60.5   250.5  -2550.5  -2500.5
TA_e_160            7 1 12 7 13 2 03 -1900.5   1.5   1.3   60.5   250.5  -2550.5  -2500.5
TA_e_161            7 1 12 7 13 2 04 -1900.5   1.5   1.3   60.5   250.5  -2550.5  -2500.5
TA_e_162            7 1 12 7 13 2 05 -1900.5   1.5   1.3   60.5   250.5  -2550.5  -2500.5
TA_e_163            7 1 12 7 13 2 06 -1900.5   1.5   1.3   60.5   250.5  -2550.5  -2500.5
TA_e_164            7 1 12 7 13 2 07 -1900.5   1.5   1.3   60.5   250.5  -2550.5  -2500.5
TA_e_165            7 1 12 7 13 2 08 -1900.5   1.5   1.3   60.5   250.5  -2550.5  -2500.5
TA_e_166            7 1 12 7 13 2 09 -1900.5   1.5   1.3   60.5   250.5  -2550.5  -2500.5
TA_e_167            7 1 12 7 13 2 10 -1900.5   1.5   1.3   60.5   250.5  -2550.5  -2500.5
TA_e_168            7 1 12 7 13 2 11 -1900.5   1.5   1.3   60.5   250.5  -2550.5  -2500.5
TA_e_169            8 1 12 7 14 2 00 -1900.5   1.5   1.3   60.5   250.5  -2550.5  -2500.5
TA_e_170            8 1 12 7 14 2 01 -1900.5   1.5   1.3   60.5   250.5  -2550.5  -2500.5
TA_e_171            8 1 12 7 14 2 02 -1900.5   1.5   1.3   60.5   250.5  -2550.5  -2500.5
TA_e_172            8 1 12 7 14 2 03 -1900.5   1.5   1.3   60.5   250.5  -2550.5  -2500.5
TA_e_173            8 1 12 7 14 2 04 -1900.5   1.5   1.3   60.5   250.5  -2550.5  -2500.5
TA_e_174            8 1 12 7 14 2 05 -1900.5   1.5   1.3   60.5   250.5  -2550.5  -2500.5
TA_e_175            8 1 12 7 14 2 06 -1900.5   1.5   1.3   60.5   250.5  -2550.5  -2500.5
TA_e_176            8 1 12 7 14 2 07 -1900.5   1.5   1.3   60.5   250.5  -2550.5  -2500.5
TA_e_177            8 1 12 7 14 2 08 -1900.5   1.5   1.3   60.5   250.5  -2550.5  -2500.5
TA_e_178            8 1 12 7 14 2 09 -1900.5   1.5   1.3   60.5   250.5  -2550.5  -2500.5
TA_e_179            8 1 12 7 14 2 10 -1900.5   1.5   1.3   60.5   250.5  -2550.5  -2500.5
TA_e_180            8 1 12 7 14 2 11 -1900.5   1.5   1.3   60.5   250.5  -2550.5  -2500.5
TA_e_181            8 1 12 7 15 2 00 -1900.5   1.5   1.3   60.5   250.5  -2550.5  -2500.5
TA_e_182            8 1 12 7 15 2 01 -1900.5   1.5   1.3   60.5   250.5  -2550.5  -2500.5
TA_e_183            8 1 12 7 15 2 02 -1900.5   1.5   1.3   60.5   250.5  -2550.5  -2500.5
TA_e_184            8 1 12 7 15 2 03 -1900.5   1.5   1.3   60.5   250.5  -2550.5  -2500.5
TA_e_185            8 1 12 7 15 2 04 -1900.5   1.5   1.3   60.5   250.5  -2550.5  -2500.5
TA_e_186            8 1 12 7 15 2 05 -1900.5   1.5   1.3   60.5   250.5  -2550.5  -2500.5
TA_e_187            8 1 12 7 15 2 06 -1900.5   1.5   1.3   60.5   250.5  -2550.5  -2500.5
TA_e_188            8 1 12 7 15 2 07 -1900.5   1.5   1.3   60.5   250.5  -2550.5  -2500.5
TA_e_189            8 1 12 7 15 2 08 -1900.5   1.5   1.3   60.5   250.5  -2550.5  -2500.5
TA_e_190            8 1 12 7 15 2 09 -1900.5   1.5   1.3   60.5   250.5  -2550.5  -2500.5
TA_e_191            8 1 12 7 15 2 10 -1900.5   1.5   1.3   60.5   250.5  -2550.5  -2500.5
TA_e_192            8 1 12 7 15 2 11 -1900.5   1.5   1.3   60.5   250.5  -2550.5  -2500.5
TA_e_193            9 1 12 8 0 2 00 -1900.5   1.5   1.3   60.5   250.5  -2550.5  -2500.5
TA_e_194            9 1 12 8 0 2 01 -1900.5   1.5   1.3   60.5   250.5  -2550.5  -2500.5
TA_e_195            9 1 12 8 0 2 02 -1900.5   1.5   1.3   60.5   250.5  -2550.5  -2500.5
TA_e_196            9 1 12 8 0 2 03 -1900.5   1.5   1.3   60.5   250.5  -2550.5  -2500.5
TA_e_197            9 1 12 8 0 2 04 -1900.5   1.5   1.3   60.5   250.5  -2550.5  -2500.5
TA_e_198            9 1 12 8 0 2 05 -1900.5   1.5   1.3   60.5   250.5  -2550.5  -2500.5
TA_e_199            9 1 12 8 0 2 06 -1900.5   1.5   1.3   60.5   250.5  -2550.5  -2500.5
TA_e_200            9 1 12 8 0 2 07 -1900.5   1.5   1.3   60.5   250.5  -2550.5  -2500.5
TA_e_201            9 1 12 8 0 2 08 -1900.5   1.5   1.3   60.5   250.5  -2550.5  -2500.5
TA_e_202            9 1 12 8 0 2 09 -1900.5   1.5   1.3   60.5   250.5  -2550.5  -2500.5
TA_e_203            9 1 12 8 0 2 10 -1900.5   1.5   1.3   60.5   250.5  -2550.5  -2500.5
TA_e_204            9 1 12 8 0 2 11 -1900.5   1.5   1.3   60.5   250.5  -2550.5  -2500.5
TA_e_205            9 1 12 8 1 2 00 -1900.5   1.5   1.3   60.5   250.5  -2550.5  -2500.5
TA_e_206            9 1 12 8 1 2 01 -1900.5   1.5   1.3   60.5   250.5  -2550.5  -2500.5
TA_e_207            9 1 12 8 1 2 02 -1900.5   1.5   1.3   60.5   250.5  -2550.5  -2500.5
TA_e_208            9 1 12 8 1 2 03 -1900.5   1.5   1.3   60.5   250.5  -2550.5  -2500.5
TA_e_209            9 1 12 8 1 2 04 -1900.5   1.5   1.3   60.5   250.5  -2550.5  -2500.5
TA_e_210            9 1 12 8 1 2 05 -1900.5   1.5   1.3   60.5   250.5  -2550.5  -2500.5
TA_e_211            9 1 12 8 1 2 06 -1900.5   1.5   1.3   60.5   250.5  -2550.5  -2500.5
TA_e_212            9 1 12 8 1 2 07 -1900.5   1.5   1.3   60.5   250.5  -2550.5  -2500.5
TA_e_213            9 1 12 8 1 2 08 -1900.5   1.5   1.3   60.5   250.5  -2550.5  -2500.5
TA_e_214            9 1 12 8 1 2 09 -1900.5   1.5   1.3   60.5   250.5  -2550.5  -2500.5
TA_e_215            9 1 12 8 1 2 10 -1900.5   1.5   1.3   60.5   250.5  -2550.5  -2500.5
TA_e_216            9 1 12 8 1 2 11 -1900.5   1.5   1.3   60.5   250.5  -2550.5  -2500.5
TA_e_217            10 1 12 8 2 2 00 -1900.5   1.5   1.3   60.5   250.5  -2550.5  -2500.5
TA_e_218            10 1 12 8 2 2 01 -1900.5   1.5   1.3   60.5   250.5  -2550.5  -2500.5
TA_e_219            10 1 12 8 2 2 02 -1900.5   1.5   1.3   60.5   250.5  -2550.5  -2500.5
TA_e_220            10 1 12 8 2 2 03 -1900.5   1.5   1.3   60.5   250.5  -2550.5  -2500.5
TA_e_221            10 1 12 8 2 2 04 -1900.5   1.5   1.3   60.5   250.5  -2550.5  -2500.5
TA_e_222            10 1 12 8 2 2 05 -1900.5   1.5   1.3   60.5   250.5  -2550.5  -2500.5
TA_e_223            10 1 12 8 2 2 06 -1900.5   1.5   1.3   60.5   250.5  -2550.5  -2500.5
TA_e_224            10 1 12 8 2 2 07 -1900.5   1.5   1.3   60.5   250.5  -2550.5  -2500.5
TA_e_225            10 1 12 8 2 2 08 -1900.5   1.5   1.3   60.5   250.5  -2550.5  -2500.5
TA_e_226            10 1 12 8 2 2 09 -1900.5   1.5   1.3   60.5   250.5  -2550.5  -2500.5
TA_e_227            10 1 12 8 2 2 10 -1900.5   1.5   1.3   60.5   250.5  -2550.5  -2500.5
TA_e_228            10 1 12 8 2 2 11 -1900.5   1.5   1.3   60.5   250.5  -2550.5  -2500.5
TA_e_229            10 1 12 8 3 2 00 -1900.5   1.5   1.3   60.5   250.5  -2550.5  -2500.5
TA_e_230            10 1 12 8 3 2 01 -1900.5   1.5   1.3   60.5   250.5  -2550.5  -2500.5
TA_e_231            10 1 12 8 3 2 02 -1900.5   1.5   1.3   60.5   250.5  -2550.5  -2500.5
TA_e_232            10 1 12 8 3 2 03 -1900.5   1.5   1.3   60.5   250.5  -2550.5  -2500.5
TA_e_233            10 1 12 8 3 2 04 -1900.5   1.5   1.3   60.5   250.5  -2550.5  -2500.5
TA_e_234            10 1 12 8 3 2 05 -1900.5   1.5   1.3   60.5   250.5  -2550.5  -2500.5
TA_e_235            10 1 12 8 3 2 06 -1900.5   1.5   1.3   60.5   250.5  -2550.5  -2500.5
TA_e_236            10 1 12 8 3 2 07 -1900.5   1.5   1.3   60.5   250.5  -2550.5  -2500.5
TA_e_237            10 1 12 8 3 2 08 -1900.5   1.5   1.3   60.5   250.5  -2550.5  -2500.5
TA_e_238            10 1 12 8 3 2 09 -1900.5   1.5   1.3   60.5   250.5  -2550.5  -2500.5
TA_e_239            10 1 12 8 3 2 10 -1900.5   1.5   1.3   60.5   250.5  -2550.5  -2500.5
TA_e_240            10 1 12 8 3 2 11 -1900.5   1.5   1.3   60.5   250.5  -2550.5  -2500.5
TA_e_241            11 1 12 8 4 2 00 -1900.5   1.5   1.3   60.5   250.5  -2550.5  -2500.5
TA_e_242            11 1 12 8 4 2 01 -1900.5   1.5   1.3   60.5   250.5  -2550.5  -2500.5
TA_e_243            11 1 12 8 4 2 02 -1900.5   1.5   1.3   60.5   250.5  -2550.5  -2500.5
TA_e_244            11 1 12 8 4 2 03 -1900.5   1.5   1.3   60.5   250.5  -2550.5  -2500.5
TA_e_245            11 1 12 8 4 2 04 -1900.5   1.5   1.3   60.5   250.5  -2550.5  -2500.5
TA_e_246            11 1 12 8 4 2 05 -1900.5   1.5   1.3   60.5   250.5  -2550.5  -2500.5
TA_e_247            11 1 12 8 4 2 06 -1900.5   1.5   1.3   60.5   250.5  -2550.5  -2500.5
TA_e_248            11 1 12 8 4 2 07 -1900.5   1.5   1.3   60.5   250.5  -2550.5  -2500.5
TA_e_249            11 1 12 8 4 2 08 -1900.5   1.5   1.3   60.5   250.5  -2550.5  -2500.5
TA_e_250            11 1 12 8 4 2 09 -1900.5   1.5   1.3   60.5   250.5  -2550.5  -2500.5
TA_e_251            11 1 12 8 4 2 10 -1900.5   1.5   1.3   60.5   250.5  -2550.5  -2500.5
TA_e_252            11 1 12 8 4 2 11 -1900.5   1.5   1.3   60.5   250.5  -2550.5  -2500.5
TA_e_253            11 1 12 8 5 2 00 -1900.5   1.5   1.3   60.5   250.5  -2550.5  -2500.5
TA_e_254            11 1 12 8 5 2 01 -1900.5   1.5   1.3   60.5   250.5  -2550.5  -2500.5
TA_e_255            11 1 12 8 5 2 02 -1900.5   1.5   1.3   60.5   250.5  -2550.5  -2500.5
TA_e_256            11 1 12 8 5 2 03 -1900.5   1.5   1.3   60.5   250.5  -2550.5  -2500.5
TA_e_257            11 1 12 8 5 2 04 -1900.5   1.5   1.3   60.5   250.5  -2550.5  -2500.5
TA_e_258            11 1 12 8 5 2 05 -1900.5   1.5   1.3   60.5   250.5  -2550.5  -2500.5
TA_e_259            11 1 12 8 5 2 06 -1900.5   1.5   1.3   60.5   250.5  -2550.5  -2500.5
TA_e_260            11 1 12 8 5 2 07 -1900.5   1.5   1.3   60.5   250.5  -2550.5  -2500.5
TA_e_261            11 1 12 8 5 2 08 -1900.5   1.5   1.3   60.5   250.5  -2550.5  -2500.5
TA_e_262            11 1 12 8 5 2 09 -1900.5   1.5   1.3   60.5   250.5  -2550.5  -2500.5
TA_e_263            11 1 12 8 5 2 10 -1900.5   1.5   1.3   60.5   250.5  -2550.5  -2500.5
TA_e_264            11 1 12 8 5 2 11 -1900.5   1.5   1.3   60.5   250.5  -2550.5  -2500.5
TA_e_265            12 1 12 8 6 2 00 -1900.5   1.5   1.3   60.5   250.5  -2550.5  -2500.5
TA_e_266            12 1 12 8 6 2 01 -1900.5   1.5   1.3   60.5   250.5  -2550.5  -2500.5
TA_e_267            12 1 12 8 6 2 02 -1900.5   1.5   1.3   60.5   250.5  -2550.5  -2500.5
TA_e_268            12 1 12 8 6 2 03 -1900.5   1.5   1.3   60.5   250.5  -2550.5  -2500.5
TA_e_269            12 1 12 8 6 2 04 -1900.5   1.5   1.3   60.5   250.5  -2550.5  -2500.5
TA_e_270            12 1 12 8 6 2 05 -1900.5   1.5   1.3   60.5   250.5  -2550.5  -2500.5
TA_e_271            12 1 12 8 6 2 06 -1900.5   1.5   1.3   60.5   250.5  -2550.5  -2500.5
TA_e_272            12 1 12 8 6 2 07 -1900.5   1.5   1.3   60.5   250.5  -2550.5  -2500.5
TA_e_273            12 1 12 8 6 2 08 -1900.5   1.5   1.3   60.5   250.5  -2550.5  -2500.5
TA_e_274            12 1 12 8 6 2 09 -1900.5   1.5   1.3   60.5   250.5  -2550.5  -2500.5
TA_e_275            12 1 12 8 6 2 10 -1900.5   1.5   1.3   60.5   250.5  -2550.5  -2500.5
TA_e_276            12 1 12 8 6 2 11 -1900.5   1.5   1.3   60.5   250.5  -2550.5  -2500.5
TA_e_277            12 1 12 8 7 2 00 -1900.5   1.5   1.3   60.5   250.5  -2550.5  -2500.5
TA_e_278            12 1 12 8 7 2 01 -1900.5   1.5   1.3   60.5   250.5  -2550.5  -2500.5
TA_e_279            12 1 12 8 7 2 02 -1900.5   1.5   1.3   60.5   250.5  -2550.5  -2500.5
TA_e_280            12 1 12 8 7 2 03 -1900.5   1.5   1.3   60.5   250.5  -2550.5  -2500.5
TA_e_281            12 1 12 8 7 2 04 -1900.5   1.5   1.3   60.5   250.5  -2550.5  -2500.5
TA_e_282            12 1 12 8 7 2 05 -1900.5   1.5   1.3   60.5   250.5  -2550.5  -2500.5
TA_e_283            12 1 12 8 7 2 06 -1900.5   1.5   1.3   60.5   250.5  -2550.5  -2500.5
TA_e_284            12 1 12 8 7 2 07 -1900.5   1.5   1.3   60.5   250.5  -2550.5  -2500.5
TA_e_285            12 1 12 8 7 2 08 -1900.5   1.5   1.3   60.5   250.5  -2550.5  -2500.5
TA_e_286            12 1 12 8 7 2 09 -1900.5   1.5   1.3   60.5   250.5  -2550.5  -2500.5
TA_e_287            12 1 12 8 7 2 10 -1900.5   1.5   1.3   60.5   250.5  -2550.5  -2500.5
TA_e_288            12 1 12 8 7 2 11 -1900.5   1.5   1.3   60.5   250.5  -2550.5  -2500.5
TA_e_289            13 1 12 8 8 2 00 -1900.5   1.5   1.3   60.5   250.5  -2550.5  -2500.5
TA_e_290            13 1 12 8 8 2 01 -1900.5   1.5   1.3   60.5   250.5  -2550.5  -2500.5
TA_e_291            13 1 12 8 8 2 02 -1900.5   1.5   1.3   60.5   250.5  -2550.5  -2500.5
TA_e_292            13 1 12 8 8 2 03 -1900.5   1.5   1.3   60.5   250.5  -2550.5  -2500.5
TA_e_293            13 1 12 8 8 2 04 -1900.5   1.5   1.3   60.5   250.5  -2550.5  -2500.5
TA_e_294            13 1 12 8 8 2 05 -1900.5   1.5   1.3   60.5   250.5  -2550.5  -2500.5
TA_e_295            13 1 12 8 8 2 06 -1900.5   1.5   1.3   60.5   250.5  -2550.5  -2500.5
TA_e_296            13 1 12 8 8 2 07 -1900.5   1.5   1.3   60.5   250.5  -2550.5  -2500.5
TA_e_297            13 1 12 8 8 2 08 -1900.5   1.5   1.3   60.5   250.5  -2550.5  -2500.5
TA_e_298            13 1 12 8 8 2 09 -1900.5   1.5   1.3   60.5   250.5  -2550.5  -2500.5
TA_e_299            13 1 12 8 8 2 10 -1900.5   1.5   1.3   60.5   250.5  -2550.5  -2500.5
TA_e_300            13 1 12 8 8 2 11 -1900.5   1.5   1.3   60.5   250.5  -2550.5  -2500.5
TA_e_301            13 1 12 8 9 2 00 -1900.5   1.5   1.3   60.5   250.5  -2550.5  -2500.5
TA_e_302            13 1 12 8 9 2 01 -1900.5   1.5   1.3   60.5   250.5  -2550.5  -2500.5
TA_e_303            13 1 12 8 9 2 02 -1900.5   1.5   1.3   60.5   250.5  -2550.5  -2500.5
TA_e_304            13 1 12 8 9 2 03 -1900.5   1.5   1.3   60.5   250.5  -2550.5  -2500.5
TA_e_305            13 1 12 8 9 2 04 -1900.5   1.5   1.3   60.5   250.5  -2550.5  -2500.5
TA_e_306            13 1 12 8 9 2 05 -1900.5   1.5   1.3   60.5   250.5  -2550.5  -2500.5
TA_e_307            13 1 12 8 9 2 06 -1900.5   1.5   1.3   60.5   250.5  -2550.5  -2500.5
TA_e_308            13 1 12 8 9 2 07 -1900.5   1.5   1.3   60.5   250.5  -2550.5  -2500.5
TA_e_309            13 1 12 8 9 2 08 -1900.5   1.5   1.3   60.5   250.5  -2550.5  -2500.5
TA_e_310            13 1 12 8 9 2 09 -1900.5   1.5   1.3   60.5   250.5  -2550.5  -2500.5
TA_e_311            13 1 12 8 9 2 10 -1900.5   1.5   1.3   60.5   250.5  -2550.5  -2500.5
TA_e_312            13 1 12 8 9 2 11 -1900.5   1.5   1.3   60.5   250.5  -2550.5  -2500.5
TA_e_313            14 1 12 8 10 2 00 -1900.5   1.5   1.3   60.5   250.5  -2550.5  -2500.5
TA_e_314            14 1 12 8 10 2 01 -1900.5   1.5   1.3   60.5   250.5  -2550.5  -2500.5
TA_e_315            14 1 12 8 10 2 02 -1900.5   1.5   1.3   60.5   250.5  -2550.5  -2500.5
TA_e_316            14 1 12 8 10 2 03 -1900.5   1.5   1.3   60.5   250.5  -2550.5  -2500.5
TA_e_317            14 1 12 8 10 2 04 -1900.5   1.5   1.3   60.5   250.5  -2550.5  -2500.5
TA_e_318            14 1 12 8 10 2 05 -1900.5   1.5   1.3   60.5   250.5  -2550.5  -2500.5
TA_e_319            14 1 12 8 10 2 06 -1900.5   1.5   1.3   60.5   250.5  -2550.5  -2500.5
TA_e_320            14 1 12 8 10 2 07 -1900.5   1.5   1.3   60.5   250.5  -2550.5  -2500.5
TA_e_321            14 1 12 8 10 2 08 -1900.5   1.5   1.3   60.5   250.5  -2550.5  -2500.5
TA_e_322            14 1 12 8 10 2 09 -1900.5   1.5   1.3   60.5   250.5  -2550.5  -2500.5
TA_e_323            14 1 12 8 10 2 10 -1900.5   1.5   1.3   60.5   250.5  -2550.5  -2500.5
TA_e_324            14 1 12 8 10 2 11 -1900.5   1.5   1.3   60.5   250.5  -2550.5  -2500.5
TA_e_325            14 1 12 8 11 2 00 -1900.5   1.5   1.3   60.5   250.5  -2550.5  -2500.5
TA_e_326            14 1 12 8 11 2 01 -1900.5   1.5   1.3   60.5   250.5  -2550.5  -2500.5
TA_e_327            14 1 12 8 11 2 02 -1900.5   1.5   1.3   60.5   250.5  -2550.5  -2500.5
TA_e_328            14 1 12 8 11 2 03 -1900.5   1.5   1.3   60.5   250.5  -2550.5  -2500.5
TA_e_329            14 1 12 8 11 2 04 -1900.5   1.5   1.3   60.5   250.5  -2550.5  -2500.5
TA_e_330            14 1 12 8 11 2 05 -1900.5   1.5   1.3   60.5   250.5  -2550.5  -2500.5
TA_e_331            14 1 12 8 11 2 06 -1900.5   1.5   1.3   60.5   250.5  -2550.5  -2500.5
TA_e_332            14 1 12 8 11 2 07 -1900.5   1.5   1.3   60.5   250.5  -2550.5  -2500.5
TA_e_333            14 1 12 8 11 2 08 -1900.5   1.5   1.3   60.5   250.5  -2550.5  -2500.5
TA_e_334            14 1 12 8 11 2 09 -1900.5   1.5   1.3   60.5   250.5  -2550.5  -2500.5
TA_e_335            14 1 12 8 11 2 10 -1900.5   1.5   1.3   60.5   250.5  -2550.5  -2500.5
TA_e_336            14 1 12 8 11 2 11 -1900.5   1.5   1.3   60.5   250.5  -2550.5  -2500.5
TA_e_337            15 1 12 8 12 2 00 -1900.5   1.5   1.3   60.5   250.5  -2550.5  -2500.5
TA_e_338            15 1 12 8 12 2 01 -1900.5   1.5   1.3   60.5   250.5  -2550.5  -2500.5
TA_e_339            15 1 12 8 12 2 02 -1900.5   1.5   1.3   60.5   250.5  -2550.5  -2500.5
TA_e_340            15 1 12 8 12 2 03 -1900.5   1.5   1.3   60.5   250.5  -2550.5  -2500.5
TA_e_341            15 1 12 8 12 2 04 -1900.5   1.5   1.3   60.5   250.5  -2550.5  -2500.5
TA_e_342            15 1 12 8 12 2 05 -1900.5   1.5   1.3   60.5   250.5  -2550.5  -2500.5
TA_e_343            15 1 12 8 12 2 06 -1900.5   1.5   1.3   60.5   250.5  -2550.5  -2500.5
TA_e_344            15 1 12 8 12 2 07 -1900.5   1.5   1.3   60.5   250.5  -2550.5  -2500.5
TA_e_345            15 1 12 8 12 2 08 -1900.5   1.5   1.3   60.5   250.5  -2550.5  -2500.5
TA_e_346            15 1 12 8 12 2 09 -1900.5   1.5   1.3   60.5   250.5  -2550.5  -2500.5
TA_e_347            15 1 12 8 12 2 10 -1900.5   1.5   1.3   60.5   250.5  -2550.5  -2500.5
TA_e_348            15 1 12 8 12 2 11 -1900.5   1.5   1.3   60.5   250.5  -2550.5  -2500.5
TA_e_349            15 1 12 8 13 2 00 -1900.5   1.5   1.3   60.5   250.5  -2550.5  -2500.5
TA_e_350            15 1 12 8 13 2 01 -1900.5   1.5   1.3   60.5   250.5  -2550.5  -2500.5
TA_e_351            15 1 12 8 13 2 02 -1900.5   1.5   1.3   60.5   250.5  -2550.5  -2500.5
TA_e_352            15 1 12 8 13 2 03 -1900.5   1.5   1.3   60.5   250.5  -2550.5  -2500.5
TA_e_353            15 1 12 8 13 2 04 -1900.5   1.5   1.3   60.5   250.5  -2550.5  -2500.5
TA_e_354            15 1 12 8 13 2 05 -1900.5   1.5   1.3   60.5   250.5  -2550.5  -2500.5
TA_e_355            15 1 12 8 13 2 06 -1900.5   1.5   1.3   60.5   250.5  -2550.5  -2500.5
TA_e_356            15 1 12 8 13 2 07 -1900.5   1.5   1.3   60.5   250.5  -2550.5  -2500.5
TA_e_357            15 1 12 8 13 2 08 -1900.5   1.5   1.3   60.5   250.5  -2550.5  -2500.5
TA_e_358            15 1 12 8 13 2 09 -1900.5   1.5   1.3   60.5   250.5  -2550.5  -2500.5
TA_e_359            15 1 12 8 13 2 10 -1900.5   1.5   1.3   60.5   250.5  -2550.5  -2500.5
TA_e_360            15 1 12 8 13 2 11 -1900.5   1.5   1.3   60.5   250.5  -2550.5  -2500.5
TA_e_361            16 1 12 8 14 2 00 -1900.5   1.5   1.3   60.5   250.5  -2550.5  -2500.5
TA_e_362            16 1 12 8 14 2 01 -1900.5   1.5   1.3   60.5   250.5  -2550.5  -2500.5
TA_e_363            16 1 12 8 14 2 02 -1900.5   1.5   1.3   60.5   250.5  -2550.5  -2500.5
TA_e_364            16 1 12 8 14 2 03 -1900.5   1.5   1.3   60.5   250.5  -2550.5  -2500.5
TA_e_365            16 1 12 8 14 2 04 -1900.5   1.5   1.3   60.5   250.5  -2550.5  -2500.5
TA_e_366            16 1 12 8 14 2 05 -1900.5   1.5   1.3   60.5   250.5  -2550.5  -2500.5
TA_e_367            16 1 12 8 14 2 06 -1900.5   1.5   1.3   60.5   250.5  -2550.5  -2500.5
TA_e_368            16 1 12 8 14 2 07 -1900.5   1.5   1.3   60.5   250.5  -2550.5  -2500.5
TA_e_369            16 1 12 8 14 2 08 -1900.5   1.5   1.3   60.5   250.5  -2550.5  -2500.5
TA_e_370            16 1 12 8 14 2 09 -1900.5   1.5   1.3   60.5   250.5  -2550.5  -2500.5
TA_e_371            16 1 12 8 14 2 10 -1900.5   1.5   1.3   60.5   250.5  -2550.5  -2500.5
TA_e_372            16 1 12 8 14 2 11 -1900.5   1.5   1.3   60.5   250.5  -2550.5  -2500.5
TA_e_373            16 1 12 8 15 2 00 -1900.5   1.5   1.3   60.5   250.5  -2550.5  -2500.5
TA_e_374            16 1 12 8 15 2 01 -1900.5   1.5   1.3   60.5   250.5  -2550.5  -2500.5
TA_e_375            16 1 12 8 15 2 02 -1900.5   1.5   1.3   60.5   250.5  -2550.5  -2500.5
TA_e_376            16 1 12 8 15 2 03 -1900.5   1.5   1.3   60.5   250.5  -2550.5  -2500.5
TA_e_377            16 1 12 8 15 2 04 -1900.5   1.5   1.3   60.5   250.5  -2550.5  -2500.5
TA_e_378            16 1 12 8 15 2 05 -1900.5   1.5   1.3   60.5   250.5  -2550.5  -2500.5
TA_e_379            16 1 12 8 15 2 06 -1900.5   1.5   1.3   60.5   250.5  -2550.5  -2500.5
TA_e_380            16 1 12 8 15 2 07 -1900.5   1.5   1.3   60.5   250.5  -2550.5  -2500.5
TA_e_381            16 1 12 8 15 2 08 -1900.5   1.5   1.3   60.5   250.5  -2550.5  -2500.5
TA_e_382            16 1 12 8 15 2 09 -1900.5   1.5   1.3   60.5   250.5  -2550.5  -2500.5
TA_e_383            16 1 12 8 15 2 10 -1900.5   1.5   1.3   60.5   250.5  -2550.5  -2500.5
TA_e_384            16 1 12 8 15 2 11 -1900.5   1.5   1.3   60.5   250.5  -2550.5  -2500.5
